1 140
2 142
1 34
1 29
1 84
1 29
6 83
2 28
9 64
1 106
1 169
1 81
1 199
1 177
1 113
1 28
1 159
1 75
1 23
1 38
1 6
1 162
3 93
1 110
2 143
1 185
1 27
2 22
1 94
1 57
1 116
2 22
2 192
1 35
1 174
1 40
1 17
1 73
1 113
3 76
1 28
3 93
1 174
1 84
1 104
1 106
1 22
2 146
3 93
1 11
1 147
1 53
1 162
6 68
1 28
1 199
1 94
1 11
1 162
4 24
1 26
2 199
1 160
1 154
1 42
3 93
1 152
3 93
1 42
1 34
9 63
4 24
2 171
1 35
1 26
4 138
1 177
1 27
1 6
27 104
2 29
1 152
4 125
4 138
1 67
1 113
1 183
1 197
1 28
1 178
1 22
2 29
1 182
1 174
2 170
9 64
1 160
1 38
2 199
1 23
1 166
2 146
2 192
1 41
2 171
1 35
1 21
1 53
2 82
1 188
9 64
1 29
4 24
1 182
1 1
1 11
1 34
6 83
1 118
1 1
2 142
2 22
1 22
1 159
4 138
14 101
14 101
1 65
1 17
3 76
1 188
1 65
2 199
1 174
1 38
1 27
3 93
1 105
4 125
1 65
2 146
2 199
1 182
1 153
1 65
1 75
1 40
1 154
1 79
2 29
4 138
1 42
1 166
1 142
9 63
1 136
2 199
1 197
1 185
1 185
9 64
1 190
27 104
9 64
1 153
1 118
1 48
2 171
6 83
1 194
2 142
1 40
1 22
27 104
1 188
2 192
1 90
1 42
2 171
2 192
1 146
1 85
4 24
3 76
1 6
1 41
1 28
6 83
1 73
4 125
1 160
1 104
1 190
1 146
3 93
1 114
1 13
1 194
1 154
6 68
6 68
1 67
2 146
9 63
1 178
1 23
2 143
1 194
1 38
1 73
1 67
1 190
1 57
1 118
1 114
2 154
14 101
9 63
1 177
9 64
2 199
1 85
2 140
1 17
2 171
1 185
4 125
1 105
1 159
4 125
1 26
4 55
1 21
1 48
2 82
6 68
2 194
1 127
9 64
2 28
2 29
1 106
1 40
1 160
1 110
1 197
1 136
1 160
2 16
1 159
1 84
1 34
2 16
3 93
1 190
2 82
1 114
1 118
1 23
2 140
1 38
1 1
2 22
1 22
1 140
1 188
1 106
1 185
1 185
1 42
1 127
1 11
1 11
2 140
1 27
1 140
1 197
1 186
1 160
1 6
4 83
1 38
6 83
36 47
1 6
1 140
1 75
2 140
1 162
1 79
2 82
1 17
3 93
2 143
1 28
1 11
1 57
1 38
2 39
1 85
2 39
1 194
1 53
1 84
1 29
1 23
1 106
1 48
1 174
2 146
1 6
1 13
1 11
1 188
1 188
1 94
36 104
1 186
1 84
1 106
2 22
2 16
1 188
6 68
1 159
1 41
2 199
1 147
27 104
9 63
1 85
1 188
1 67
1 53
1 67
2 170
1 159
1 57
1 183
1 85
2 28
1 48
1 29
1 1
1 73
4 55
1 42
2 143
1 146
2 39
4 33
1 11
1 27
1 79
36 104
1 110
1 177
2 146
1 197
1 105
1 178
1 75
1 23
1 81
2 143
1 186
14 101
1 136
1 41
1 199
2 170
2 22
4 33
1 152
2 146
2 194
1 110
36 104
1 22
2 154
1 40
1 27
1 67
36 104
1 186
1 11
1 197
1 147
1 188
2 170
1 174
2 143
4 33
2 170
1 140
1 166
1 105
1 40
1 178
1 106
1 11
1 53
1 154
2 39
1 35
1 105
1 27
1 105
4 55
27 104
1 38
1 23
1 65
1 147
1 194
4 125
2 154
2 199
1 114
1 38
1 162
1 192
1 192
1 29
1 162
1 79
1 27
2 29
1 136
1 162
2 16
1 118
4 125
1 199
1 140
3 93
1 153
1 178
2 28
3 76
4 33
1 6
1 194
2 154
1 42
1 106
6 68
1 154
1 110
1 113
6 83
1 6
2 170
1 28
1 177
1 104
1 183
1 75
2 199
1 106
1 53
1 118
1 166
2 140
1 21
6 83
1 113
1 178
1 53
6 68
1 21
1 73
2 192
2 170
1 116
1 75
6 83
1 182
1 166
1 67
1 185
1 178
2 39
1 94
1 6
1 13
1 94
1 152
2 171
4 138
1 41
1 6
1 190
2 199
1 146
1 142
1 169
1 21
4 55
1 166
1 192
1 34
1 197
1 127
1 153
2 171
1 154
4 33
1 153
1 118
1 147
2 146
1 105
2 28
1 6
2 28
1 142
1 65
1 79
1 73
2 170
1 73
1 29
1 142
36 47
1 178
1 174
1 42
1 11
27 104
1 94
1 48
1 29
2 194
1 116
1 159
1 21
1 38
1 159
2 16
1 190
2 28
9 64
1 188
1 186
1 65
1 29
1 162
2 28
36 104
3 93
1 186
1 104
4 55
1 160
1 118
1 127
2 192
1 75
1 53
2 170
1 147
2 16
1 79
1 40
2 29
1 41
2 143
1 57
2 143
1 48
1 94
1 194
4 125
2 146
1 192
1 186
1 146
1 79
1 40
36 47
2 28
1 178
1 178
3 93
1 162
1 11
1 28
2 143
1 162
1 127
1 48
2 142
6 83
1 38
1 192
1 57
4 83
1 21
1 26
1 40
27 104
1 192
1 34
1 182
1 41
1 75
1 42
1 153
1 197
1 153
1 194
1 6
27 104
9 63
1 84
1 65
1 40
1 85
1 166
1 27
2 39
2 132
1 190
1 17
1 28
2 199
2 28
1 183
6 68
1 190
1 106
1 41
1 140
2 199
1 75
1 160
2 194
1 27
1 162
2 199
36 104
1 48
1 183
1 160
6 68
1 114
4 33
1 192
2 194
6 68
1 38
1 29
1 40
2 29
3 76
1 182
1 127
1 171
1 94
1 90
1 34
1 192
1 75
1 85
4 125
1 57
1 188
9 63
1 28
3 93
1 57
2 22
1 190
2 140
36 104
1 116
14 101
1 127
2 22
36 47
1 73
1 127
4 33
6 68
1 21
1 42
2 171
2 82
1 27
6 83
2 170
9 63
1 185
2 28
1 152
2 28
1 11
1 6
1 174
1 159
1 65
1 127
2 140
4 24
4 138
1 65
1 177
1 160
1 142
1 185
1 48
1 28
1 27
1 13
1 1
1 185
1 81
1 127
1 104
1 110
3 93
4 33
1 113
1 110
2 82
1 110
1 186
2 194
1 162
2 142
1 114
1 178
4 24
1 169
1 142
2 132
2 192
2 143
1 21
1 65
4 83
1 153
1 67
1 188
9 63
1 154
4 55
1 159
2 82
2 194
1 79
1 190
1 153
1 1
1 153
1 40
1 81
2 132
1 110
1 114
1 42
14 101
1 116
1 194
1 67
1 29
1 152
1 116
1 174
1 116
2 142
1 183
2 28
1 81
1 42
1 48
2 140
1 73
1 48
1 90
1 26
4 125
1 169
1 26
1 38
1 160
1 94
1 140
2 29
1 79
4 138
2 29
1 110
1 199
1 194
2 28
2 143
2 22
9 64
4 33
2 29
2 28
1 42
1 29
1 104
1 185
1 147
1 185
3 76
14 101
1 186
1 162
36 104
1 194
2 171
1 118
1 185
1 174
1 34
1 53
2 28
2 29
1 75
1 178
1 152
6 83
1 166
1 154
1 185
1 174
1 166
2 142
1 106
27 104
1 194
1 85
1 169
2 170
1 26
1 166
1 199
9 63
4 33
1 67
1 79
2 194
14 101
1 127
2 146
1 35
1 197
1 6
1 79
2 28
1 183
2 192
2 199
2 140
2 39
1 48
1 53
1 174
1 34
2 192
27 104
1 153
1 28
1 57
1 85
1 178
2 192
4 83
1 38
1 166
2 194
1 84
2 140
4 83
9 64
1 79
1 75
1 106
1 85
9 63
1 104
1 192
1 42
1 29
1 23
1 26
2 170
1 17
1 197
1 185
1 171
1 146
1 105
1 146
2 192
1 178
2 171
1 21
1 81
1 190
1 152
1 197
1 127
1 48
1 6
1 177
2 199
1 116
6 68
1 136
1 67
1 28
1 190
1 153
4 33
1 127
1 171
1 152
1 114
1 183
1 162
1 190
1 174
1 127
4 24
1 169
3 93
1 197
1 152
1 81
1 38
1 162
4 55
2 194
1 26
1 84
4 125
1 11
1 21
1 177
14 101
1 21
1 162
1 84
1 26
1 21
36 104
1 26
1 34
1 188
6 83
1 22
1 159
4 24
1 174
1 140
1 35
4 138
1 146
1 13
1 84
1 26
4 55
1 26
1 160
1 142
1 94
2 192
1 81
1 136
4 125
1 23
4 125
4 125
2 28
1 28
2 171
1 174
1 22
2 142
4 55
1 178
2 29
1 13
1 182
1 188
1 84
