2 91
1 68
1 216
1 175
2 51
1 232
46 179
1 175
1 353
2 189
2 59
1 123
1 165
4 72
46 179
1 269
1 85
4 72
1 439
1 269
4 101
2 25
1 154
1 3
1 170
2 244
1 152
2 116
4 72
1 10
2 140
2 373
3 124
1 201
1 269
1 250
1 102
2 25
1 114
1 30
1 265
1 6
2 189
1 146
3 124
1 58
1 77
1 266
6 2
1 218
1 140
4 2
1 34
2 6
1 265
1 167
1 68
1 143
1 201
1 144
1 439
1 216
2 144
1 167
1 216
2 51
2 373
32 179
1 60
1 3
1 134
1 34
4 101
1 21
1 6
1 12
1 144
1 84
1 6
2 373
2 116
1 152
4 101
1 167
1 218
4 9
1 68
1 4
2 120
1 167
1 218
1 16
46 179
1 227
2 6
1 14
4 72
9 181
1 439
6 2
1 76
6 2
2 116
1 3
2 81
1 42
2 59
32 179
1 11
1 73
1 59
1 175
6 2
32 179
1 114
4 9
1 165
2 73
2 30
2 91
1 17
4 305
1 114
1 216
1 34
3 124
1 14
2 144
2 439
1 42
2 116
2 144
4 72
4 305
2 73
1 216
4 72
2 25
1 179
1 16
1 179
1 269
9 186
2 25
1 248
1 439
2 373
14 67
1 140
1 218
1 248
1 14
1 114
4 2
1 116
1 302
1 90
2 30
1 11
2 189
1 143
6 2
1 102
1 116
1 250
1 85
1 68
1 76
2 116
1 76
1 179
1 85
2 25
32 179
2 59
1 146
2 120
1 134
1 248
1 353
2 144
2 116
1 81
1 123
1 123
1 48
2 140
1 439
1 309
1 302
1 353
1 73
2 373
2 140
4 305
1 3
1 152
1 227
1 309
2 91
1 193
4 9
1 353
1 143
1 21
2 146
4 72
2 6
4 101
1 265
1 123
1 68
1 81
46 245
1 123
6 2
4 55
1 302
2 189
2 225
1 439
1 68
2 6
1 76
2 189
1 77
1 116
1 30
1 26
9 181
1 439
1 179
1 167
1 165
46 179
1 68
1 302
2 140
1 26
9 186
1 30
1 14
1 21
4 55
4 2
1 30
1 16
2 51
46 179
1 84
4 55
2 146
9 186
1 58
9 186
1 4
2 439
1 68
1 244
2 65
3 23
2 225
1 81
1 271
1 266
2 140
1 77
1 165
1 232
1 484
1 140
1 44
1 26
1 170
1 143
2 51
1 14
1 85
1 76
1 34
1 44
1 439
9 186
3 23
3 146
2 225
1 140
2 116
1 170
1 73
2 116
1 14
1 309
2 144
1 134
1 11
1 77
1 154
2 373
2 120
1 309
9 186
1 14
4 72
1 30
1 4
4 9
1 90
1 85
2 91
1 3
1 48
1 269
1 269
1 58
1 60
1 60
1 11
1 30
1 6
2 144
2 225
9 186
2 6
1 154
1 30
1 271
1 175
4 9
1 90
1 81
4 9
32 179
1 21
1 84
4 9
9 186
1 266
1 140
1 227
1 102
1 6
1 85
1 76
1 85
1 201
1 134
3 124
1 68
1 4
2 116
1 140
4 9
32 179
1 265
1 373
1 232
2 30
1 60
2 146
1 144
3 70
2 73
1 146
1 114
1 227
2 140
2 146
1 26
1 152
1 11
1 193
1 143
9 181
1 4
1 34
1 4
1 10
1 81
4 305
2 91
1 73
2 144
1 60
46 245
1 439
2 81
1 114
2 116
1 154
2 373
1 76
1 48
2 81
6 8
4 72
2 120
1 12
1 11
4 9
1 114
4 101
2 120
1 140
2 59
1 90
1 44
1 269
2 25
1 244
1 123
1 216
4 72
2 439
4 101
1 42
1 144
1 248
6 2
32 179
32 179
1 248
1 269
1 48
1 309
1 84
1 30
1 60
2 373
2 30
1 11
1 90
4 101
2 30
2 65
1 175
1 30
3 23
2 140
2 144
3 124
1 59
1 167
1 232
3 124
3 146
1 123
1 102
2 25
4 9
2 225
1 232
1 167
2 146
1 77
3 70
1 143
2 373
2 146
1 90
41 368
182 273
451 158
106 314
197 158
443 257
101 232
92 199
333 187
53 384
270 41
92 94
439 65
25 218
254 209
201 25
245 148
195 216
447 409
100 186
148 464
49 105
340 305
162 196
353 116
350 173
164 353
401 135
50 408
31 400
41 75
120 372
387 51
391 401
170 99
8 60
98 21
65 144
116 453
189 307
446 129
208 86
20 389
448 464
422 199
193 280
416 198
99 58
107 140
195 154
447 136
456 55
433 119
262 357
254 456
424 103
186 362
186 158
281 163
279 19
121 467
265 290
13 91
115 252
466 440
244 458
15 392
367 377
55 65
250 3
26 280
213 135
434 308
127 14
115 411
63 58
356 11
240 100
131 389
195 76
168 31
468 203
237 377
385 161
390 249
425 462
473 388
227 88
231 357
66 15
212 88
217 112
121 50
274 113
68 99
129 267
296 10
71 388
409 233
409 233
168 388
86 133
114 62
432 160
157 245
8 343
17 445
140 135
44 459
300 200
189 318
211 350
246 356
86 272
82 159
252 193
196 103
456 30
440 143
265 457
112 135
393 176
460 403
357 13
14 29
109 204
207 447
394 11
212 442
196 334
120 221
472 160
3 262
277 282
338 123
256 460
231 437
368 362
100 459
135 16
465 334
159 219
442 403
336 29
81 187
278 224
187 399
35 297
29 108
455 3
295 413
336 211
293 25
125 173
78 171
353 125
186 93
300 292
283 389
246 318
41 147
79 317
403 177
351 334
274 308
310 196
132 42
452 210
411 13
475 213
262 388
58 160
382 164
249 40
22 355
410 80
442 355
438 228
7 188
56 465
289 442
461 277
24 280
46 423
36 139
319 253
343 376
234 55
66 42
206 92
45 408
29 343
453 31
151 175
21 216
465 178
104 134
341 303
258 66
249 390
355 43
213 330
53 197
132 283
4 318
427 140
370 245
111 354
98 313
369 317
136 194
52 421
432 339
323 58
346 25
133 77
231 334
449 377
394 215
79 164
373 349
457 389
414 54
392 421
7 246
373 18
441 286
95 442
362 160
375 129
231 57
80 468
6 395
375 29
96 182
286 160
346 3
464 431
184 289
226 294
437 304
199 119
152 372
242 194
257 6
457 365
379 144
316 292
112 38
184 308
251 115
331 469
311 143
457 312
368 385
326 427
271 423
442 468
113 386
195 379
103 6
122 58
191 11
298 460
420 354
343 94
129 186
396 354
22 127
84 67
346 204
98 362
246 65
192 257
322 168
366 25
53 378
254 37
451 369
212 45
452 7
349 239
125 91
233 79
473 380
447 284
75 356
262 8
89 184
94 300
352 105
266 315
161 20
364 14
74 353
290 251
387 458
9 66
349 394
209 207
105 255
252 440
266 322
230 369
251 278
266 334
291 278
367 26
243 158
6 65
224 54
286 335
135 447
388 361
87 356
89 26
293 209
22 173
222 315
65 196
146 181
261 143
80 289
40 294
421 244
326 175
312 43
393 208
321 16
25 326
165 341
286 222
320 386
358 283
434 207
285 94
150 214
61 312
254 340
303 131
20 17
44 326
220 469
355 222
469 242
51 116
409 260
350 152
432 58
256 122
321 287
461 71
185 90
30 242
154 140
316 123
126 30
157 120
299 27
161 174
8 386
3 366
96 422
7 103
156 19
347 390
22 25
219 447
72 102
183 182
12 181
266 314
225 403
355 178
163 409
238 414
314 386
380 297
252 429
377 228
98 363
417 54
213 418
443 418
42 126
368 20
133 344
282 11
134 93
439 305
168 31
230 2
97 81
233 80
262 400
385 87
398 220
426 211
458 67
186 296
412 37
213 65
392 142
230 379
320 356
114 380
395 100
273 183
310 146
123 200
48 218
62 85
60 403
356 284
142 103
89 250
399 117
195 53
435 107
291 110
389 215
261 257
144 140
91 415
172 127
433 379
379 213
236 213
78 312
258 171
417 360
67 318
464 426
262 455
219 409
51 75
378 204
149 316
27 103
20 275
179 180
386 94
169 383
296 200
309 176
67 36
280 11
446 15
48 395
394 303
459 262
322 166
192 440
158 45
75 115
243 174
91 61
145 190
355 103
223 228
134 164
272 23
42 274
385 331
301 359
145 326
189 83
459 341
