7542 5799
9197 7458
917 8299
6903 8389
6470 841
7080 1497
1498 63
143 515
3329 347
7157 8408
2443 2462
7000 7029
5082 3451
6509 5078
7254 7680
1643 6611
9402 3009
4835 4863
1070 2805
184 6802
4958 1183
3227 9837
1452 9267
4684 7666
208 3033
4370 8101
9789 9562
9821 9827
8529 4355
2990 3392
1116 3369
137 9256
2717 1289
9040 7651
6849 3413
8362 258
6270 473
6455 952
9602 9777
814 5729
8544 4197
5136 7435
5710 7491
8558 2134
2646 8034
9581 2591
7627 5442
6724 4043
5323 7213
4203 8726
2254 8765
4735 7246
4486 4485
4453 4054
769 7556
5709 9455
1307 1756
3838 1013
3016 2218
4411 2250
990 6746
3969 3562
1630 8597
4149 7478
2940 4384
6675 2586
5417 60
6457 5022
6937 5289
8789 5722
6875 9815
1026 7722
1554 5081
4483 5134
5384 5448
9185 3224
7257 9652
3485 6869
5121 3511
4703 2614
3474 20
5915 4693
2303 1534
3631 1534
8708 9044
6241 7675
233 5277
5561 6094
5947 3088
6061 3285
6005 8493
8670 6676
4056 2501
9818 4
174 828
3577 7761
3953 6267
4984 9891
2258 3627
8630 2379
5539 6055
3407 2729
2310 488
6466 6453
8954 9180
4210 8434
5516 8012
8340 439
2238 7516
1341 2403
4847 3571
9212 3410
3489 4602
3457 961
2078 9019
1038 5969
8757 5462
7768 3165
8455 6978
4297 5302
5621 5022
6039 3844
8083 2184
4820 3510
6131 5913
2060 2414
4270 2851
6873 5986
5330 5072
2008 3799
2245 354
2105 6874
7131 6079
4529 7333
802 4639
3033 2454
9169 4811
9028 606
2195 7768
5417 2178
4577 6182
3060 7301
8429 559
8059 7016
1015 5872
6340 5764
3343 860
3273 527
9026 2678
6958 1088
6009 9463
8894 3844
7879 6338
9548 3335
6147 2326
5605 2582
3428 3678
9362 8173
9531 8635
7091 6183
6444 8857
5984 5424
3936 3481
7164 7089
1133 8385
3917 7130
8583 9440
2248 5076
5895 9827
4411 9176
1541 4397
9910 4774
6385 446
5939 9511
1947 8693
6901 6241
5853 3821
2429 9266
3730 3717
6292 6369
9643 9704
6960 5513
7147 9739
6166 6482
7820 5900
4966 5153
3927 7195
1275 6067
2355 9031
893 1800
1715 6743
4404 762
1561 9018
9377 7202
4930 3190
1530 4602
8664 1754
5325 9432
1343 9948
1327 8527
4917 3164
9939 3194
3358 8601
6823 6102
6052 824
5260 992
3235 8433
3877 6135
2033 7478
4257 9188
1187 1178
6925 4939
6251 5607
1844 6161
5061 2894
3862 7304
3311 3837
752 3297
9548 6059
1215 5528
4949 3085
7556 9633
6790 442
9875 8682
7026 8918
8027 4583
7337 1871
6233 624
3269 3627
6665 5376
3766 5710
5669 291
3588 6569
239 968
198 6296
9174 965
5060 9821
3488 1542
1271 8644
5761 5562
5803 8934
8325 776
7644 8822
6398 5610
8552 9106
606 5571
9929 7637
1851 4946
5662 4507
5149 6900
9101 6653
8190 6806
3431 9044
6907 5031
1245 4265
8896 1877
8819 308
2192 2916
9674 1914
397 6173
6963 2944
2783 2048
5868 3679
267 8899
3815 7311
7913 4442
484 1916
7490 5366
5172 6842
2314 4729
7718 9396
1476 6375
3509 6972
3685 8259
5571 6903
3363 2646
1491 4264
6507 8489
1870 7254
4169 338
6507 2214
7918 6181
8584 5686
4728 8129
5408 3151
9272 2589
5514 4025
4388 1764
4739 2867
833 9775
843 8097
8101 8726
6684 5982
4248 6959
3154 2591
6253 2631
4099 3136
7019 8115
1207 419
1085 3806
2726 9224
3370 8342
2206 3048
3648 416
3983 8833
2761 7360
2917 1126
329 5472
8032 4772
8004 2001
4879 8085
5566 646
9983 3114
3688 3294
2583 192
8486 3690
5279 8312
1775 4803
7556 113
8517 5125
6663 9775
3596 947
322 1151
2748 5018
4932 83
7880 2444
6521 3105
7802 3384
6855 731
7702 4318
8683 9594
344 1914
9601 1044
1876 2913
1704 4435
3547 7370
1656 1820
6925 6504
2525 5430
4252 9852
8419 1477
7416 2821
5618 7946
6299 9549
4860 5707
9570 7908
7538 9487
5565 2814
9999 321
6512 3525
9971 8063
8264 5227
9658 1875
562 9907
2973 6111
8745 8495
9880 2139
570 1209
9464 4632
9111 2495
4191 2932
5631 7956
9625 3704
1125 8030
8336 1415
9525 4861
2048 5250
7000 5863
5036 8457
9612 2579
8987 6276
1810 2812
4276 230
1775 8587
8311 8730
6246 5811
305 7613
3799 9656
6320 9679
7455 5580
2530 1013
1416 1837
8429 5685
3361 22
4817 7683
6975 2708
8176 656
8091 3666
9526 6811
6491 2851
1192 1311
681 2225
2599 4270
8411 9888
1625 789
9869 1918
620 9273
2164 7791
5689 2903
7624 2711
4583 5547
5805 9675
9812 7258
4107 7571
8612 4423
4252 7295
2938 8619
5719 5916
6990 8584
598 2917
4357 4455
5876 6809
9297 3283
997 6431
9897 135
6129 727
3092 1399
2050 8402
4918 5842
9683 6903
3121 9638
1612 7822
8043 5697
681 5317
8469 2751
9444 683
3424 6199
6522 4839
5518 2156
4721 160
8025 7222
890 668
7898 9793
1330 461
466 9817
416 5365
7884 7557
4630 8020
8329 1998
7469 5554
8854 345
9030 3662
7607 9041
4956 7465
8554 3120
4761 3213
3342 2886
4624 7156
8059 4253
9921 8665
4927 2169
3295 3895
1567 1295
1597 8050
2678 223
9101 5423
8097 2248
5771 8305
1089 4915
9594 6893
111 1688
4911 3041
8602 6574
5569 8203
636 8902
3319 4632
146 3165
5362 8988
4338 1009
7359 9179
6335 1130
5995 4281
3012 1739
3284 2896
5001 2848
3483 3559
9966 4125
5721 6123
6706 5345
4755 8402
6022 9673
4066 7292
5154 18
4193 6567
3200 1209
8488 3026
6408 9781
4576 1758
5279 9455
8715 4820
702 5739
6637 5241
8138 1097
7685 6041
530 4730
583 5599
1751 203
6224 9706
7606 3673
7505 9867
853 9057
2921 8303
1355 3730
8343 9304
1226 5241
5213 3157
5531 5723
7620 3929
5128 296
7582 105
4704 4597
9461 6226
6519 5671
9048 4977
1962 6237
9660 2369
1712 2312
3959 2643
8695 287
1425 2012
6473 7292
8528 2936
7630 1174
5374 6206
1129 307
7318 5443
1834 4461
9357 1340
7719 7783
3372 1329
8263 3385
626 9101
2484 5888
9156 5397
6996 415
8820 5235
3759 5829
2356 4347
1688 4423
2805 1066
209 2823
1370 6014
4997 7646
3403 1464
1866 8447
5594 8225
6547 4836
4585 1815
5326 8927
7306 8252
8058 3720
1344 8345
1305 7377
7376 9408
7446 9117
556 3916
8148 9508
7985 1825
4415 5397
5443 3725
9419 8447
7232 6129
6446 446
6113 9726
9687 6526
7267 8934
9852 8703
9284 9669
7477 8346
6427 9662
4096 8605
5788 4619
5421 4665
6314 6463
4708 9224
1059 3594
5980 2771
570 9393
8811 6503
8921 5300
2928 1634
5660 871
114 7213
475 2225
6779 9753
5654 1134
7377 485
6075 6299
3324 6557
7132 4435
4005 3854
2505 1158
970 6747
6140 3877
5461 5866
2930 8149
6861 5924
572 9543
3674 287
4140 650
6146 5733
334 8503
3394 2052
9613 649
8664 766
4470 1213
7350 9443
384 2588
1639 4576
5286 2339
5155 7819
6931 92
7946 2043
2063 9454
6297 6458
7262 6814
6159 421
6806 4772
8827 1739
3161 6527
2748 7406
2599 7120
2223 6659
9065 8889
7976 6324
1288 3852
7275 7466
9206 8882
3520 4309
6912 9069
8245 8190
6295 7808
8156 2363
5612 5494
9890 2640
8659 4786
7018 6378
8526 9144
9110 3608
2296 1069
1225 8781
5445 2545
3973 5018
7597 4043
495 7899
426 6268
4495 5548
8674 6140
9457 7711
9963 3297
6894 8240
2564 2593
6952 1318
8866 9383
8792 4057
6201 1687
6612 5300
8763 737
6952 2927
3754 5881
7516 1666
5270 3060
3392 7709
6467 2849
2010 8546
6306 9965
3167 5675
9395 772
4925 1964
5809 4710
5241 7525
6970 9847
7083 5138
5147 6936
2540 1662
6322 1253
8970 5041
9246 5884
6771 1306
1598 8785
9528 1858
3041 7375
1548 7296
4081 5419
8862 6545
1696 5823
4171 3246
5640 8905
9196 9923
1880 7483
9194 2336
7980 3849
5785 9588
2068 9093
7171 2045
6944 2081
1325 2497
228 991
1801 8229
5709 9343
2033 6152
6639 5233
2627 3725
7355 8285
28 2539
1045 6914
7779 9987
6241 5802
3562 7371
1248 5075
102 2904
4909 4831
8552 4932
8701 17
6009 3490
5012 8688
5469 3042
1998 7483
961 5909
68 1365
4709 5628
3227 4647
8943 2234
4764 3757
5267 5339
9450 101
7917 551
6536 3020
7591 3519
8627 4349
9980 6983
8839 9641
8341 517
2967 9797
6036 2804
3086 6239
1836 5548
9959 724
2321 192
3893 953
2093 7348
9114 7216
7771 1034
164 3628
5358 3227
1762 7820
3456 1239
8588 5383
9054 5801
3917 7701
2872 5620
4669 7342
4338 8510
6902 6946
2806 7070
9315 4089
6651 7622
1356 1997
1496 7517
4133 9636
169 5447
8706 9887
4084 2029
6722 3007
1648 3513
6924 9219
2702 3893
4064 7725
4912 1125
1504 3427
5512 1936
5306 8494
1919 9430
2224 5467
9728 4950
7214 1843
8401 4913
559 6094
636 3289
9412 7466
1731 5051
2452 6935
7864 1393
7692 3725
7925 4859
9167 9736
9537 924
5689 4897
724 7939
9426 3616
3851 6401
2988 9041
2501 18
9515 5278
9156 4930
9021 6243
1489 3303
8662 6092
1561 7235
9371 297
8923 721
2225 6934
8211 3171
286 363
2671 232
6577 4839
5821 3641
5162 5578
9938 8429
4417 9373
7378 8045
7228 5486
8125 6172
5391 6027
7545 850
9459 3676
3610 4062
1446 1727
3364 7578
1107 8463
344 1266
5879 836
6198 7412
3897 4117
7118 2450
6098 7610
7986 2599
8031 66
4169 9618
5920 3859
4129 8004
5270 7604
2758 6959
7868 9974
3552 279
4865 698
7203 4209
1081 5565
6254 8540
2979 2550
1720 7757
8528 9969
3097 1864
3357 1814
9628 4950
5802 1892
943 4355
7000 3852
6462 1577
145 779
110 5153
3058 3117
5808 8681
2606 1505
4935 5795
50 5898
9424 5981
7187 495
7467 5733
7526 8345
4455 3970
2569 669
2949 2099
246 1489
2387 3330
2516 1777
3122 757
8162 1424
4382 9153
7014 8090
1419 5325
8241 9495
6660 9816
51 9081
797 5236
7379 3380
3999 1491
9867 6382
7278 222
755 9797
746 3693
4733 8600
1905 4706
9802 5560
2420 279
4921 8243
5119 4231
3248 8393
8519 3460
2106 4870
8199 699
8587 5040
8261 8064
1855 1917
5827 3052
1086 9559
4607 7306
2703 7359
6577 4422
645 4980
4656 1869
2715 9491
4568 259
8510 461
7502 9144
362 989
8216 1411
8411 9530
6203 7522
5821 7761
6091 5638
6827 517
3107 9048
6151 3940
356 3434
8235 6441
1227 2372
7420 4367
7806 9844
5187 1671
2985 7096
8080 2749
5920 9810
2816 5520
6520 762
9735 8002
9532 9044
6104 4912
5002 5548
6745 1371
3146 748
2501 5125
36 8726
256 8843
474 1464
5246 8026
4463 1541
910 9798
1342 1446
6741 9548
867 721
6587 6079
6974 2692
5818 266
8589 4574
2860 9845
6756 5576
5903 3533
5757 6702
6711 5134
142 8665
3311 9273
3492 1309
2038 2510
8462 2328
6808 6985
6043 5321
2042 2225
6612 9608
6114 343
7929 1695
9344 1291
5450 8613
8245 7033
1068 6300
7033 9356
2997 7893
6221 6485
4332 4454
7307 628
3684 5942
8049 1700
2232 3597
6776 4565
2437 1129
4438 7135
9692 2268
8517 9663
3125 623
5729 3510
8575 6139
1049 3253
4421 1659
943 8797
9884 9757
8230 9816
2004 9512
3159 5730
4529 4574
5178 3468
3383 1858
8610 2849
5779 9059
7657 3253
2475 4721
1221 9449
3404 1379
4732 534
7946 2394
5037 5647
2546 6742
8900 2740
5816 3071
4593 4598
2826 8048
6391 7745
1952 852
4292 616
9028 9132
9972 3194
1810 6371
4805 3419
2122 8123
8255 8117
6262 4516
1001 8288
5806 996
6273 8166
9426 1929
5229 3655
38 3292
5726 8329
334 2572
8165 3615
4191 9845
226 3786
6379 9492
4532 3453
3429 6245
363 2423
519 3743
4867 2315
1525 8781
1928 7608
1336 7059
1356 5371
7669 8926
720 628
6989 8039
2113 3060
8433 7215
8598 8478
7013 2127
7494 4594
6273 8264
660 8481
9553 4961
5827 2423
6609 752
5351 4696
7616 2315
4509 8247
8354 3517
6684 8523
7310 2473
6038 5869
3126 4203
3473 6944
1013 3785
3460 7514
1840 4297
7477 4559
4358 4946
1244 3198
8415 3024
7528 2699
7540 4529
4591 2667
8871 6776
8342 5163
7757 3562
4528 9033
1722 6992
5194 7475
332 3761
6680 3747
381 1175
4456 4709
3774 4460
1553 7290
1301 8341
2450 3351
3179 6831
5781 1671
212 7898
1517 346
6854 2849
2549 2726
2857 5924
264 4028
4353 5396
542 4226
3455 9660
3756 2569
1353 9166
6004 1308
6021 1619
4287 8811
3402 9729
8846 4521
7983 5056
346 8720
8364 3055
1657 465
7607 2622
9186 1541
4141 1920
5744 2682
3438 633
6367 4807
8561 7385
9478 8490
6209 1705
1733 8053
3830 8752
6256 5288
3504 671
3957 992
5410 2562
172 5042
7041 271
321 4237
6532 8783
153 4930
4410 7622
1376 4935
1300 9787
6856 9817
9111 1209
3733 4097
322 8333
6738 6209
4447 2193
9710 1998
6974 9969
7938 9018
5403 3928
3532 3848
76 1688
3678 2502
8968 1902
6273 1781
8403 6152
2740 5578
486 5261
3382 9029
939 4598
4172 2985
8401 3375
7962 8025
6581 8404
2812 225
954 7612
9174 6687
5835 7809
9525 5982
1515 2686
8256 9913
5487 9218
2802 3969
6913 6830
9940 8746
6333 8321
4158 246
4844 9775
7463 1915
7417 5315
7410 8671
4581 4493
8772 3986
9956 9656
1782 5810
5580 5227
2623 9992
3968 2617
3819 3510
8063 3738
3916 821
8167 2854
6558 5612
9518 4720
1239 2927
8410 3193
839 4314
7435 7474
432 4937
201 5825
6365 9655
9474 2318
6659 7386
3753 613
8369 5887
2367 6133
8520 6065
480 9832
179 8430
5989 8582
288 4529
2342 2383
1681 7473
1907 8045
3753 9678
1584 6526
215 1400
5938 5376
7885 2721
2647 9736
7158 568
9961 1895
142 3767
8230 7976
3886 8529
3974 3622
420 5336
58 838
4632 3552
2267 6151
7021 6803
2762 6283
1804 7159
8401 5373
4636 4528
233 2816
7173 4743
7143 2804
8713 1447
4854 1356
5586 7361
3936 2184
4025 6774
6543 6508
2378 9235
1983 9407
9257 3424
2476 7623
9428 8990
6443 1208
1780 8261
722 2471
5844 9160
3398 1449
277 408
8869 9411
4360 8466
2221 6184
4344 9339
6551 9729
156 8915
5082 3294
6320 9197
8940 9965
8264 9959
9276 6574
8478 1324
1052 5391
3029 1741
9649 6861
2697 5154
8620 4899
7340 9797
5512 6207
6910 3853
1122 6699
2035 863
8608 9359
9689 9297
7598 5613
5167 7980
9444 9523
5553 7081
6227 8556
438 729
1250 1542
5916 8541
5111 7424
5303 6044
9121 7336
7984 6900
4392 1019
2266 6693
2631 1774
5024 6733
1126 3365
7031 9140
7397 8262
907 5925
7853 4153
9301 7759
3078 9892
5270 3614
8832 2730
9526 7587
4485 6684
2555 776
8281 7233
6438 7094
9050 6848
6472 1494
6374 8650
2460 9348
220 4368
6338 4943
2188 6189
5608 7107
6159 2701
3571 1419
1655 2976
6913 1074
7109 3650
5326 3421
3914 4042
7043 1879
3218 2527
5947 1676
710 2383
3682 7609
7739 5418
7259 3378
3209 6185
3236 3501
2583 9566
881 8695
658 4717
9048 2472
4146 8231
5826 5676
6736 9014
4834 5711
9011 5752
8891 8778
9819 7983
5602 3897
6184 9597
6822 6257
1333 8974
2335 8911
1983 5959
3276 6223
9912 2422
174 9104
7947 8387
3961 5850
2319 2144
3674 2902
9583 4392
3710 5656
5283 3962
8528 6388
5833 911
8872 6884
6952 4818
943 26
8127 1210
5128 9660
6276 230
9776 1411
9373 1526
3082 1917
1891 2681
17 1116
7175 6462
4093 6515
8286 1598
150 4207
5441 8218
8955 4550
9374 3383
4206 790
7474 9443
7553 5803
8431 291
2928 5148
9766 5900
2712 8651
6087 3446
1948 6013
1437 9211
9495 8726
6302 6985
1646 1246
7953 7663
294 4135
1924 1608
1920 7298
7639 4996
7450 8008
4788 5820
9731 7206
6471 8251
362 8161
941 4940
2278 5237
41 6603
8594 5166
8959 9066
2508 4971
5188 944
5301 8568
3084 2659
2593 5890
9475 6807
3835 1174
8157 3074
4773 2324
6260 3702
9326 8590
7922 4897
4595 5606
7228 7123
3561 2920
6717 851
8203 5365
6202 8808
6291 7429
9389 9640
4408 3198
1742 1041
2695 3874
9545 1565
1566 7616
6436 2697
7907 1516
8247 6557
9596 5581
7037 2893
5314 4629
1804 5888
9803 3580
5342 2461
5951 9232
3460 3464
1693 7003
2567 8742
9444 3554
3948 9045
5926 5282
8040 8087
5004 4626
3544 6957
6064 8796
8666 6368
3806 375
2809 3371
2560 93
6034 2231
7621 6192
5072 4137
6275 8247
6595 9246
8020 8015
886 3169
6081 3255
5404 8786
626 7295
1135 4847
1609 9707
6966 8676
9985 4479
9936 5497
3133 6233
8100 6105
3908 9249
1522 6493
1604 3175
9316 8556
5138 9104
4535 8270
23 6700
9168 2315
4175 7667
693 2979
4643 6238
9983 4191
8209 9058
4947 6125
9170 1401
6577 8608
5110 2400
8692 2174
6392 7838
9227 8408
175 2823
9229 3349
2442 1495
3894 1085
6973 783
9946 9984
1598 252
4002 5385
4150 988
2665 4898
3426 72
419 6722
9870 7789
5972 7083
5210 4741
3607 9727
1496 8382
9465 5743
1670 6046
9184 4321
6990 3607
5365 168
2191 7679
4009 9571
8784 4759
895 8281
7596 4834
7766 5256
2395 7828
8232 9691
3979 8372
5450 8766
9612 4795
886 4231
1482 3422
9974 141
4099 8260
5392 9350
7521 6179
3196 3901
9340 87
3386 5265
296 8247
2759 7408
7044 1887
9772 2743
9025 5111
1660 1732
5075 508
2418 2378
1369 5109
199 486
6221 5926
5618 1806
1704 3350
9081 1502
8783 3232
7287 5489
6777 1764
2553 894
5230 5107
7129 1912
3217 7536
7943 2674
2392 5255
1904 8586
7456 9527
9823 6423
7056 1395
5126 6847
291 6654
1951 6704
5660 1411
925 9200
882 5694
4257 7141
4793 1038
2380 3837
7162 2438
7091 5450
8078 5376
866 3134
8120 200
5148 6116
5287 3921
517 4899
426 2604
673 1887
2142 7202
6143 4010
2698 5768
7937 4732
9871 8757
1713 1459
9664 3684
3846 2358
3798 5360
5214 664
2287 1132
2208 3753
9486 1086
8700 5196
2647 3064
3794 5802
900 9332
8005 6681
7531 9723
4531 4264
5767 6844
5137 635
3814 7080
212 3518
3229 6347
5151 7826
4534 4607
151 8573
3489 7080
6323 9146
3094 9563
6380 9163
8434 2840
5 1674
695 5228
1462 9059
7665 8705
6090 1544
7500 1240
2479 2976
7053 3616
6331 8019
9463 6395
7347 5036
5116 6836
6956 612
6068 8961
9388 1257
3064 9514
6427 2352
4345 9716
4923 8889
6176 7052
6706 5506
9754 895
4798 3554
2613 1269
6767 9246
4961 9044
9332 7756
4340 1804
9635 3869
4832 3140
6247 284
7332 8005
5055 1943
4967 8783
8476 1586
5394 3806
2387 1372
7035 8274
202 125
720 3239
456 986
843 926
5779 4938
2401 7220
7581 5522
6399 1225
791 7029
9349 7499
1112 4307
4022 2030
4594 176
2002 5235
9036 7829
5166 2867
5542 6247
3358 3155
5788 5624
3300 8635
6710 8480
9378 1572
6376 2186
4185 8467
7143 1939
6942 5527
4452 7627
1185 1599
6368 1080
4065 4738
6040 2154
3935 3619
983 2472
7925 995
1916 9670
6674 5810
4537 3680
5729 9597
1926 747
7909 9714
7318 1354
3089 7353
5112 9965
108 1772
4109 8288
1424 85
2753 4128
2034 931
2407 9373
9057 890
9277 4438
473 6898
6217 5252
1731 6502
3568 5742
7773 6373
6653 5125
2882 3421
9229 8188
648 538
1858 7633
6024 8474
6925 9185
4535 1512
7557 2640
9365 644
8817 5636
1807 3253
3822 352
59 607
9993 6506
8423 9183
1368 3576
4010 6462
2104 2325
9550 8756
9290 2056
2419 220
5893 679
1059 2395
7415 1152
3318 4534
1807 8674
6271 7228
5560 9297
6451 8653
5015 2681
8499 3469
4756 9527
2875 9539
1866 4046
1754 3690
7178 9418
1106 5221
9745 9700
9786 2907
267 1049
5220 7796
4335 5575
5467 3413
4845 8433
9946 6697
8360 9588
7307 6846
9236 9324
1590 7522
5682 1184
8905 9601
9737 1983
5637 180
6540 1388
8509 2967
2372 4301
2449 6844
7588 2431
8886 122
1701 5942
4942 8717
9110 8546
3230 444
1443 2296
7009 9052
8787 1181
2467 192
8301 8447
7228 1519
3705 5803
4272 9325
3878 9112
5059 9491
1637 6450
5670 6041
3613 5018
1031 4476
2028 1749
3207 1807
8168 8526
4007 9430
9404 7968
6181 6795
2445 6941
3137 3216
3992 7837
2137 8264
2469 2350
2913 3979
2298 2262
8517 8151
1185 4965
9968 9114
7550 2864
5134 4977
7286 1032
564 5855
3703 6951
6612 6693
8267 772
3616 3468
6324 2901
5659 2661
9314 1956
13 6262
7697 4059
5541 9435
4836 4059
3966 8329
9923 4969
4579 3668
6376 1792
1838 1392
7097 1534
3828 7138
2658 9543
6700 8665
4516 5322
2162 9403
6644 1413
4156 2460
5374 846
2359 8834
8412 9118
6270 6920
3746 1807
6068 4328
3515 3746
1527 7355
6308 8925
5271 6799
2520 7616
804 4346
6429 991
5557 3848
4291 1633
5936 7579
4394 3163
7837 4816
6396 3263
6253 3332
6527 8271
527 8601
7080 2446
7681 5615
4855 4710
2644 8284
5335 1299
4856 5711
8892 226
4948 334
474 7994
7551 8799
8754 2107
5824 7516
3149 1488
8271 341
3147 4315
1330 6468
9120 7965
8720 5936
3557 1121
3352 6871
7147 5222
2423 1599
2048 620
3769 7613
7042 5332
3101 1271
8088 1046
986 3567
644 9558
4145 2521
4765 7116
3578 9754
1269 3088
5624 3024
3011 2470
1200 924
2521 5467
2390 1810
3858 2206
4112 3219
2340 5750
2415 6124
7515 3751
9155 2617
7187 5148
8446 4697
6054 4103
8841 3770
4428 5089
1973 4067
4922 5810
1548 5744
7892 5641
2260 3491
6026 8714
3067 4347
4039 2944
1281 8811
4363 7861
9492 8039
2199 2480
3795 2549
6535 2122
7965 1766
2663 7972
7276 549
5302 906
428 3239
1127 8192
4896 2020
175 6861
6116 5914
8300 6265
7649 7672
5915 9628
9555 5271
6334 9162
9538 5250
1483 5105
750 5664
4460 915
9716 6335
4012 6118
9209 5755
4058 1479
16 4813
6608 101
9708 6945
3298 747
3173 3121
3161 691
2363 7053
5648 200
7838 7527
2095 7246
9873 4415
8681 7788
1022 3775
9701 1673
9797 9299
4184 8580
7571 2240
6460 8170
1122 1087
2580 2599
5321 6318
856 1921
4239 4891
8098 8610
287 6996
8897 2915
2876 7268
2149 2721
2640 8153
5360 6871
1590 8518
8058 4392
990 3779
8661 82
333 8328
7580 4165
2963 3299
3458 471
3114 1814
5140 9543
1882 1492
8685 4908
2532 8848
4879 5442
3625 4771
3585 5455
815 1449
3922 9135
9671 6303
8681 197
9226 8726
9364 1653
6192 5477
2644 8392
691 8322
2496 4395
7758 6309
4516 769
434 76
2914 9601
5032 1787
9419 3973
5504 48
1125 8688
577 837
7381 4767
2023 8447
2101 3831
9692 8629
6508 9736
329 592
1215 318
8967 8849
6050 4607
7702 2572
9853 40
4688 4768
9598 5123
6154 8515
5125 9878
37 7429
8347 7974
5953 5482
8620 4622
5294 1321
4017 5018
5136 8978
1622 1277
5199 480
6327 9501
2179 5313
1935 6532
2912 2405
3525 1291
9311 2072
6859 8166
7241 6432
3314 338
9863 3671
5191 4818
4264 5248
8735 8978
1759 7365
1210 101
2362 2973
3010 7246
8539 2448
7604 3834
7388 36
231 8128
6889 9723
4183 9192
7882 7281
2874 7939
3022 9338
5570 4165
4462 5097
8987 8416
7293 1996
2028 6866
5791 9058
1735 4380
3455 5536
8098 6311
8730 8202
7946 8258
6954 4383
5959 9608
2044 6459
7480 801
7553 5729
3453 7430
1837 6280
913 9803
1343 7183
3333 5723
8098 7960
3395 9803
5369 4248
6872 5208
4716 8163
6766 9010
7529 3557
3501 5196
3849 1425
4915 674
335 2978
7824 2599
1468 57
5452 3590
2186 5445
1550 9014
3125 6760
6998 5457
6857 9002
3147 88
7596 6678
5018 6635
67 5208
8677 941
7053 7594
6639 5996
7640 535
8148 788
6629 4175
7373 5798
6658 4302
6691 5302
127 9783
2242 9495
4864 7960
6395 4071
6220 932
9756 2377
5402 4022
4610 8019
6067 130
1256 4490
8763 6169
2366 4719
7369 628
9875 6338
6201 5828
1765 4395
2567 1997
8581 8937
5051 1798
1918 7302
5445 3918
4973 2587
7830 1754
9242 7338
1340 5397
6604 7531
1789 6776
7711 3404
7847 4347
2001 2228
4159 9788
8347 5795
4085 3861
5487 8781
1707 2562
7122 1271
1105 752
3729 3006
4345 8657
3075 6057
3374 7725
4051 845
3227 2370
4728 3547
7862 2846
671 4441
2748 900
8824 16
9807 9270
1781 860
1044 8649
4050 3197
4256 5042
3003 9724
3890 1751
9676 9311
6292 2867
4285 7899
9897 6024
2855 4783
7062 8865
8963 1292
4807 8606
2409 3248
9412 2534
8380 1909
8257 1169
6053 2490
8921 5200
1636 8929
7326 9428
9623 8639
9502 5913
4739 2766
3645 4971
3338 9924
1926 8021
5239 6090
4247 3985
6275 3125
8076 5370
9457 6627
9591 9094
9069 5404
1503 2094
9194 5493
9316 3026
3895 3419
1049 352
1958 4706
9323 552
9386 2847
369 1072
7764 2444
5885 1661
9565 6848
5359 8159
8617 3452
6317 3712
1012 2822
4273 5114
885 3359
2469 949
1395 1741
9867 8261
7668 3771
4586 3619
2453 4986
6131 7449
3641 9356
8080 4588
3321 2235
466 5263
7486 6244
2107 8417
9831 9530
5383 7779
8750 159
2445 4228
3487 9509
4923 8139
8110 6061
6843 8606
9581 5738
6689 8316
856 4508
7793 3940
5287 8985
6601 2371
8753 6072
5355 5638
6301 6663
5058 7980
1238 2999
5167 6631
8611 3196
9960 375
1709 2025
1218 3469
1558 3860
7772 1677
9470 8683
9123 3712
4760 9928
9411 3535
3587 1292
9422 1201
9130 7727
218 9687
9484 9916
6847 9141
836 8260
9241 1596
6412 2050
9241 976
7072 575
6054 2265
101 3711
6122 9652
1232 9396
8323 2461
2564 2921
3781 2210
797 4703
1223 4841
5960 2941
6885 1557
3463 8315
4388 2881
7165 9396
5292 9515
3606 4187
5754 1773
537 9528
1526 810
5701 6539
1657 4245
884 7942
9977 6830
2878 8910
5201 4496
5945 3776
7737 353
6987 202
311 5512
8856 1821
5935 2950
9647 602
9493 4515
4240 5753
2569 4125
8553 4007
5837 5872
891 7759
8521 5710
2345 1467
2372 9698
3693 4487
1876 8120
8144 2405
4386 9594
4048 286
6685 3888
1790 7820
2359 6473
5423 7424
6703 6760
9336 4814
4304 3567
1915 8141
1329 6831
3689 2189
4879 2735
426 2179
1445 1141
835 2901
5645 4839
187 7178
8911 522
8402 9559
5670 8766
8780 5150
140 1028
8923 6975
5307 4099
5159 2061
955 3805
2261 6347
6645 7670
3369 2084
8731 9640
4932 4033
9205 7986
1191 7967
4857 9683
8626 7301
1341 7607
9666 1489
5926 9273
7369 9793
3158 2236
5233 4951
73 1458
3453 12
8239 2837
1201 2693
1748 140
7152 9107
9444 1801
4209 8847
4322 7188
5253 1937
4938 2700
1961 1789
2113 6454
5297 5944
1381 9270
1953 5527
1862 2153
9500 8633
138 3263
4297 5801
1617 9933
7348 6859
9315 7864
360 3442
208 3373
1667 5198
6215 7080
6104 2950
8090 2255
4820 2771
8285 6744
7247 6937
1125 5218
8450 1142
7718 166
2368 8121
5353 7336
9073 3387
4500 2567
585 9010
7234 3447
9454 3386
4739 4073
5742 9341
2857 7210
9713 5916
8781 1129
8094 5526
1544 9289
643 3545
6662 1804
4697 7619
2899 9707
1376 7601
8382 9700
3807 1754
7088 7224
1751 1066
8822 1799
5298 5755
5536 4449
4001 1365
9039 6169
1613 152
5998 5528
2093 4954
3894 117
179 5735
5130 7473
3642 7915
554 9673
438 6285
6258 488
8503 1469
4565 8580
5155 3193
8482 7055
5258 772
630 4818
3949 4814
9091 7988
5087 979
7618 3399
6839 5200
716 5413
5370 2413
7762 9022
894 3507
4711 530
3173 3888
5326 4269
7276 5239
3584 4544
3299 4319
4530 6150
8632 9950
5442 6096
4258 236
5502 4409
6918 1518
290 3230
8500 2898
2481 914
6342 2410
313 6816
4287 1710
7500 255
3202 1070
1766 1473
9056 7549
6316 5483
8200 3401
8021 5142
6297 1453
2804 7155
8120 770
5986 1588
6236 8925
1130 5178
2318 7156
7425 1219
7606 5946
1170 187
1386 6612
2291 4711
9255 3382
7879 8928
4446 6572
5053 2207
8382 9790
8330 620
2180 5670
758 7592
9960 9167
5865 3732
5399 7011
5761 1711
2102 2121
4748 4256
8315 9949
1612 22
1777 3319
3727 828
7543 6392
451 6067
1705 5553
7239 9157
5762 3156
2231 4245
5004 6920
5649 8657
1408 3326
4689 9175
1647 7761
6364 4786
5174 9792
395 619
8288 4543
5016 786
8572 9591
6042 604
7254 6069
6754 3599
8045 4214
8761 7105
9576 4338
2170 896
2237 3788
5609 8050
8144 7809
5704 1212
9204 1048
399 6774
9613 1674
9547 1307
514 1873
1814 5746
6380 2389
7358 4219
5091 7627
5504 6076
2674 9172
3780 2164
1845 484
119 6199
8985 1804
1764 2649
1654 3747
6579 6746
1124 9098
4693 4059
6358 7030
6829 8806
8238 9255
9537 6129
4175 8503
4943 4856
5105 5216
3149 3789
5922 7828
1071 3239
8338 2834
4070 9624
5340 1601
9253 544
7018 4047
3122 5481
8827 9803
6269 4641
3459 4811
3600 8661
5278 2142
5145 5333
1211 6073
2425 8440
8983 2263
4275 2533
2713 8921
6020 1284
8222 2766
1441 4942
4499 6423
8981 1716
9437 8246
1926 5466
5100 6388
563 9474
7377 7855
3769 1503
7275 9180
7889 6362
3907 1764
1107 5905
8300 1826
7101 9065
5236 6838
9814 3884
1743 9626
808 6768
2239 6668
2478 2752
3391 1194
7779 7817
6712 4872
6879 3269
5839 4650
8037 92
4480 5731
5032 1416
1422 7260
2969 9459
6768 3452
8600 987
9063 9866
6819 681
8575 4640
3800 100
5412 9253
8927 3347
6580 7810
5371 9345
386 2680
9891 2658
677 5435
4002 5362
3536 5109
340 3832
3638 2856
3951 2164
1866 9180
9948 5155
7020 9393
8910 7564
4911 3288
5092 3448
5387 1643
1374 6300
1782 5558
7878 2994
6862 658
2611 1797
5854 3955
5642 9428
5596 9383
5852 1615
1982 3774
908 8661
3514 6777
1830 8780
8862 7543
1342 9678
3348 2832
7014 1330
9480 7716
4733 3194
8609 9190
3548 8799
9089 2703
1141 7132
5534 144
3383 6811
2499 1364
7202 9915
6665 3769
9940 3396
325 7375
3026 6476
4223 3100
6453 8438
819 1446
9179 6234
5191 7942
4267 5317
2910 9174
9914 5211
9802 5047
4679 1516
26 1905
3262 2990
6273 8485
5309 6025
1439 3694
2490 2068
2665 9174
5263 6166
1918 9972
4129 6875
7628 8029
9356 4637
5387 329
8771 7442
5993 2426
6050 6271
3675 5365
521 7075
4771 5233
4592 803
1126 9150
2608 3941
7185 6198
8884 5626
8408 8000
2344 9211
6407 795
8145 5525
9149 8616
203 8933
5364 2268
8125 2937
6270 9481
6670 7379
4254 4484
6457 12
900 1257
4896 7434
161 5830
1376 9932
8240 849
4412 9170
6992 2309
9141 2361
6071 1190
6776 9434
7339 6641
2367 6507
2345 1111
2240 6706
5141 7979
2829 9628
4052 5829
7828 661
2336 3516
8034 5255
5931 5500
260 994
6050 2332
2575 3254
1695 7884
4168 4086
5180 1692
2525 5280
7706 1897
2150 4058
9581 1953
2546 1057
7623 9554
8307 9061
7150 2494
5429 3175
862 5786
5553 3246
343 7843
4500 3939
7548 8749
7667 9133
9317 2420
3787 6486
8654 2434
7795 9157
6647 4723
549 2787
1083 6831
6595 9067
7848 6515
7168 3506
2817 6630
1000 3122
6989 9183
8797 3188
8590 2822
4145 2838
3883 7619
7802 6911
2777 2434
1247 1833
7603 2022
1879 3950
2698 2287
1343 2489
3379 5589
4204 4102
9253 483
7385 191
3502 6824
1690 2787
7887 5211
3855 5795
4306 3722
2665 2244
1097 6124
365 7840
131 3408
2728 7227
7810 8469
1101 3578
1541 2571
6844 1218
3669 2286
9918 3614
2116 4333
1 5177
1532 3532
1476 4121
5910 57
6071 984
6480 2938
2115 7281
908 7892
1488 8667
6996 5035
2413 197
1754 3168
3870 3796
3772 9554
363 7148
484 2184
8663 9916
7832 8694
7119 362
8914 9633
2015 3562
3561 2749
2279 7631
9920 7135
2242 7654
336 6298
9494 2873
7201 9164
8285 49
7762 5897
9250 7996
1019 6749
9020 6795
2279 9458
1079 3692
690 561
1463 9186
3296 9320
800 3101
2430 4364
7000 7601
1601 3540
8755 1462
4484 1389
9205 5040
8897 6948
7062 4478
6777 2147
7971 1749
6525 213
4728 6875
2357 39
1328 7244
4513 8311
7139 8929
8330 2282
4057 7167
5701 3261
7835 5952
3416 6068
9638 2763
6046 7055
6114 6900
6720 3055
3581 2318
9624 4602
2977 675
5808 6792
7777 3462
5662 7660
2354 9693
1801 3468
347 489
7093 5177
2170 2473
3724 7431
2507 6458
21 3403
1161 2085
3435 1745
4516 6363
6526 7916
3994 4062
4473 7635
6278 7032
7392 1269
9936 8244
3188 8969
964 3779
3991 9517
3510 4717
1128 5501
1233 9371
4349 8689
5100 85
4743 3913
4066 8176
5860 3394
542 9099
5213 5425
6585 9886
2581 5250
2120 9550
4974 8950
7671 4756
2023 9397
414 7076
3763 3267
6359 4602
4340 3343
3825 6126
2456 8202
3193 3457
9690 4327
5897 8461
2594 4853
2011 1268
2665 9415
995 9521
3632 1401
978 2519
8810 3885
3301 2341
235 5596
8288 9014
6326 1933
9021 4839
7955 4797
2162 9025
1202 1687
6074 2863
6718 6601
2117 2494
9513 7149
9204 5921
1856 637
6823 846
7176 595
1431 3956
7561 2165
7018 1124
8657 4565
6113 5521
8004 8005
5629 3173
2146 3722
8243 6101
1063 8585
8838 3484
641 7325
2997 9008
6006 7948
6660 9986
6271 552
7906 1618
2934 7001
269 5516
7213 7451
7585 2062
8466 4392
7851 5243
878 7910
8602 7194
3817 3022
8180 1709
1152 5460
4598 1763
1294 5859
7169 2499
4493 3649
1895 5512
4229 8404
8065 1373
8420 9459
6757 466
4756 9295
6224 8372
6216 9459
5460 5818
8034 6236
1524 4823
1641 6514
4661 1714
9520 3951
8793 6096
6212 4102
4388 8790
914 3855
6584 9948
6455 3853
2249 7873
370 3756
9758 9956
7918 9650
1192 7180
3992 7087
9580 8642
5362 5475
5394 4579
1782 3834
9302 1717
1661 6641
4042 4522
6715 3831
5299 806
4266 9304
1785 5629
641 5373
164 6543
8876 7247
8799 8511
3705 1256
6362 1466
4956 5317
3805 4207
2623 570
6434 9923
5266 6635
5313 7335
5423 6172
7708 5473
9094 3740
7578 6987
4874 7543
6590 2111
2367 3762
5560 4377
487 6486
2989 9789
7455 2589
7158 3157
5330 1474
4901 3988
3096 3741
2065 1973
1271 6858
7613 1181
6986 7726
5165 6872
8078 597
6677 5660
1757 9534
4173 9709
7039 271
8906 8562
1158 6245
127 6423
6440 3113
2008 8464
8192 1763
322 9358
4061 8650
218 1957
1724 8641
8118 299
6571 470
5884 1528
6625 3778
4483 1348
1939 6624
1628 5564
703 9197
6914 4420
3872 9432
3858 8658
8534 3578
7380 3274
145 4238
3867 2759
8448 8034
2555 2188
5928 5714
868 7790
9281 4915
8683 622
1904 1213
8698 9973
3141 8935
5443 1039
3057 4574
6336 8740
8859 1746
2615 5488
8346 7276
5282 4692
4324 734
4409 6728
9671 5232
7599 5127
5683 7019
7924 1597
8581 7335
9823 1183
5268 8334
5447 6721
6963 9574
1192 914
9937 2976
324 4833
8107 504
7840 9130
7946 4298
2190 8202
3307 9293
2822 6680
3120 7713
2114 1516
8176 4540
7840 7130
7949 6316
6227 9084
9485 8012
473 8759
7044 851
724 9686
8159 3281
3620 5544
6864 9291
3704 8616
3741 2056
86 5151
9870 6303
5483 6979
1354 5882
6218 7298
6866 180
5734 4194
6647 6283
9873 894
8458 3926
390 9172
7073 8999
7158 7813
8824 1798
8705 1856
375 7432
7042 1438
2126 6978
51 2177
4266 3736
4618 4446
8420 8382
5933 4644
537 2922
4634 3883
9679 8342
9058 4933
8021 8761
2884 5421
7519 6902
7903 4172
2465 6458
6151 8829
7044 9087
2690 2070
1804 2442
4408 1376
8216 7980
1443 1193
3696 7228
3137 8279
4993 1516
143 7127
1422 8792
3466 5073
4733 3541
6978 760
999 9018
7480 8021
8737 7940
722 9061
4911 8212
329 8340
9972 9050
2633 2082
4303 201
2408 2040
430 6890
1556 6660
4407 7925
916 642
1410 9678
1258 3190
7603 37
7137 951
1011 7759
152 3884
7490 1080
7650 184
3342 5870
6537 4565
5876 6693
3499 3200
6288 6866
8956 2806
3597 2468
2469 2183
2083 6535
6579 6464
1704 5987
5733 9229
1453 1651
4638 3136
1597 8235
2784 3491
9849 486
1664 7770
9378 5314
5366 8515
8663 7004
4960 6314
7439 4494
4698 4941
6559 545
9244 1838
3766 1059
2429 9007
5274 3762
5707 5759
7286 8697
3794 135
4568 9962
9826 7650
3736 1057
253 5282
3964 9664
4089 6290
3447 4385
2506 8495
5057 4654
3617 6460
4248 9992
5813 8457
9503 6060
4054 338
3510 9265
399 4171
363 1787
9110 2879
4670 7049
5698 153
5447 506
2995 9374
5995 5854
370 4453
1146 2259
9957 3847
6406 7985
4076 8248
9846 2649
6135 6222
2525 1385
2810 7627
32 7257
9172 8408
4895 4071
8273 2684
5482 4693
5587 3459
5803 1160
8140 8109
5925 2905
9317 6219
2887 3902
2278 7619
1857 8656
4106 1111
3496 3847
6998 6375
1770 7581
1029 3169
585 9801
9189 8676
2206 5497
1890 6057
7299 1823
6524 192
1369 5740
9842 9683
3793 2831
8042 419
3407 6286
6775 8030
3793 2974
4644 1903
6925 838
6221 7156
8502 8999
8022 1108
8498 6342
9347 178
924 2070
5794 5095
4421 8123
256 5376
831 5697
1305 1589
452 5320
9292 5703
2914 6001
1109 1232
337 1217
4700 7204
8323 1434
6714 4543
8174 5324
5969 2259
2809 1382
1290 7599
7778 5560
4843 6661
4176 1901
9300 316
6513 9842
5368 1856
5873 996
1184 7939
5813 5398
7281 4812
4091 6887
7668 9737
836 3291
4095 7024
3732 5839
8134 9951
4377 4539
4072 9962
5131 9797
3104 5447
468 7659
7063 6002
6848 4355
6840 1152
1496 7713
8296 1254
8892 9815
4103 3678
6332 7924
6787 6755
3412 7091
1271 9489
1356 3947
7718 891
517 1562
9932 6434
4591 1483
1901 7702
999 6188
8325 4105
9494 2815
8128 8737
6959 710
5079 8349
7013 2723
1252 3762
442 9814
8660 7140
4875 6908
7032 2243
2239 5500
8483 1532
1630 180
444 1231
6492 154
2521 7141
9941 977
6729 5485
5573 6049
6664 9678
1920 8978
4536 979
350 9068
2611 4595
8780 7809
6416 8125
5978 3009
9287 2657
8427 5302
1941 9281
9331 6432
962 7417
7356 2289
1534 797
872 3271
5589 5321
3691 4776
1638 3850
939 2586
9060 3474
2557 3565
7843 2760
1824 8971
7575 5351
7111 2439
4339 6196
1087 576
8991 4081
6321 5172
3984 2568
5470 7523
8736 4595
6547 8189
2805 4794
5770 3614
772 3540
1542 6765
9001 3732
4573 4698
6396 9125
8264 8515
2664 2325
5347 959
5910 1389
2520 6711
5981 3252
9625 4398
6615 101
975 384
8808 8521
240 2420
2781 7144
4800 1083
1604 4343
6801 7716
5991 3840
9177 8106
1736 3646
9805 6309
15 4925
1289 664
6562 7612
9323 8042
4605 1362
1643 210
4969 4291
6540 3500
2520 7049
5662 691
8278 8855
325 3871
9765 3220
7152 2136
8754 2231
5182 57
6452 5922
6642 6296
5705 1687
6335 8101
2547 5701
692 8666
6581 3675
5546 1838
1828 4434
4262 9506
428 8737
4702 3346
9787 834
447 6490
1491 2928
6744 3882
5326 3551
6299 3611
4345 4693
9356 8891
4734 681
9738 9810
2340 2616
7621 8391
5242 7419
3064 2026
1391 229
471 6202
1969 439
4104 6885
3883 2531
7482 6004
6005 4433
6220 2405
455 4634
7014 20
7766 9116
239 6448
7163 2426
6756 8206
6739 3757
6995 5391
2746 2525
4130 4599
1697 4934
487 38
9442 738
8281 4805
5650 8373
5202 5537
4928 5522
2778 8560
7822 6484
5005 4357
8160 7234
8372 2895
9246 3698
2406 5704
4980 1638
3675 6375
7087 5392
68 1526
8873 6658
1529 2100
7555 3676
4572 8823
2986 2557
7914 17
7722 5677
8307 6187
1531 168
243 4411
4272 9828
9952 6589
9581 7580
7993 9741
987 9340
7281 4981
4636 7116
2529 5882
7269 1912
8090 8949
8658 5398
3414 1305
1961 9253
3873 9389
9586 2279
8566 6262
2620 8373
6057 4706
3779 6113
1858 368
9912 3871
7268 1563
6040 3131
5500 2796
5177 6078
2332 473
2339 8423
442 5698
9989 4074
9309 9358
8401 9578
4923 4655
4768 4938
1769 582
8681 6646
7605 1659
1240 1920
5409 1259
8218 1760
9824 2113
6206 7543
7517 4404
7391 8304
2290 6808
5875 9315
350 1328
3224 4713
5446 6252
5491 5129
978 1366
3333 7044
4940 2572
286 7202
6333 7035
5416 2901
2035 3224
1274 1291
5004 3487
2458 2803
8765 1113
2659 7904
6065 3294
6377 8761
2781 9622
6587 9019
7365 6997
8308 3590
8653 8061
8883 4576
5453 701
8194 7273
9001 1564
7822 6306
4055 5059
8677 4618
9382 650
1034 972
9188 8294
5288 1437
6633 7020
8382 2721
4548 5339
8834 7220
7941 6772
3585 5501
198 6028
4793 2633
3917 5616
4711 8293
4585 4873
6024 1300
2909 4771
7210 3893
6929 7022
4807 6475
9288 4076
3368 9640
8077 6235
3556 5005
2228 3322
3822 415
1221 6635
6179 1684
2924 8717
6903 4074
4677 3036
8148 1815
6012 9282
1560 2191
7825 9687
5085 7103
41 2822
677 9945
778 8244
2803 287
2153 2612
4447 3229
5474 117
8346 2159
7275 7217
6838 9775
27 2762
4186 613
5324 359
5429 2022
1441 206
8359 3147
1714 5015
6135 6729
8836 7011
433 845
6932 7298
9258 3215
2168 3907
6073 5734
2712 4467
5733 9231
443 160
7309 4280
2628 7779
5066 664
2242 5308
466 6256
4207 1994
8772 1673
799 9026
8556 1519
8665 3350
5587 5844
4509 4140
1277 832
7960 2937
9489 3829
6386 8268
2849 852
2455 6056
2531 639
9963 7534
713 5533
4357 8030
9354 2205
2381 4236
5910 5855
4840 1540
6990 5217
6510 7128
502 8804
6934 9052
7316 7723
8391 4281
9686 7805
5947 2979
3446 1047
8013 7782
5436 8457
6359 5496
4666 5851
6563 4526
9878 7994
1419 3834
7995 883
9689 210
2846 418
7599 9620
3539 5827
1282 2184
4619 5798
4400 2210
2447 2240
4972 628
1613 3339
6456 6296
9733 364
1554 1237
3072 7865
491 8623
2567 6706
3379 7117
4632 2249
5415 2655
8984 1728
8283 6357
9287 4557
2841 9811
2289 5525
1855 2845
5128 4367
1776 7836
4141 8918
8605 233
6042 2622
1478 3452
8814 6730
1332 9816
9021 3296
1019 2534
8415 8243
4244 2719
7207 5890
8791 1709
1316 9369
8539 9180
6487 3615
7121 1254
9414 5092
5397 1686
7 4827
4366 8715
4804 146
6207 4917
6413 3491
5503 2319
9829 891
7987 1340
7332 7757
8597 2583
9231 7744
5213 3357
9977 6503
3379 694
6571 3155
5898 1043
5536 1096
8761 3221
7702 5185
9830 4280
2358 3255
2058 5165
7141 6817
4807 5297
1928 378
51 3213
7037 9783
7796 8340
4767 5653
3563 7378
4606 3361
1974 5472
4589 5702
3718 6630
5063 464
5282 7319
1405 6995
5875 2143
6747 3008
7620 5621
3602 2682
197 8108
984 8282
247 4566
1745 2849
79 1882
2318 7629
6177 3032
9972 4360
4690 1851
8307 827
8316 9945
9854 525
6697 6731
6187 7029
8580 7289
4270 8608
4853 643
8658 354
9679 9947
3701 9597
5051 1453
9343 8258
8882 9072
1324 3141
920 7117
2595 1611
9233 3062
3804 5198
831 3334
5367 6051
6572 7632
4578 7631
258 5135
371 1690
1422 8261
6378 1436
7338 9713
9048 8275
5855 7696
5373 7188
9466 9020
2254 4917
2104 5850
9350 7273
6442 9507
5826 1054
1632 2809
7282 5497
5365 6484
1637 8262
2004 7485
8319 2750
646 4208
9827 3346
6210 3023
4810 2246
9828 7628
1992 8751
6341 7348
9576 9862
9363 8667
3680 235
8898 1756
7079 9425
2987 6002
5440 7196
5414 4917
2358 5333
4306 2413
3577 101
7320 9687
4109 8182
9289 761
7350 6011
4619 947
3198 1915
7014 5527
2443 5157
7065 1038
8166 8851
349 3426
5222 343
958 8160
8730 1986
7871 3325
9446 7949
3431 2695
3276 7036
1307 5851
6277 5377
6886 7771
5453 3988
2967 8852
9948 2339
5069 8993
7720 1832
1110 6276
6262 6545
7714 4998
7422 9320
8327 3446
5277 119
6827 3289
6766 1415
9208 3122
3303 1405
9728 1128
5534 1686
3998 646
5223 4590
86 7052
3965 2002
6320 3155
7397 3046
3975 3417
4917 1618
2125 2665
7557 2733
7232 1439
3428 9257
756 480
4741 9780
9161 6180
4346 9333
4989 2089
2426 9851
6138 195
1038 738
1684 8977
634 6207
220 4528
4009 3585
2421 7336
5209 7498
1982 4567
2743 2902
484 5322
8292 8595
3288 5851
8783 7470
9885 4976
8290 1968
5407 8493
3979 569
5276 5825
9718 326
2836 9893
4620 7072
1953 4746
5618 9096
9371 119
4722 3509
1781 3552
9675 6319
7958 8860
2577 4828
1766 6233
3658 2675
8717 3484
2033 2462
8259 7334
5069 8965
8830 9383
7461 212
1296 3754
4248 1556
8804 4430
9040 5761
5851 3603
8270 6101
6233 1360
1478 1413
4873 6912
1933 2817
9780 4826
7202 585
8205 530
1409 4487
2566 9866
9116 3417
3584 8583
34 7389
2377 9277
6509 514
4912 9455
4612 606
8952 9631
1820 892
5878 8053
8964 9815
4313 3773
163 3364
6156 4159
5415 55
1736 781
2317 9110
9814 9353
8187 6705
4086 6922
6415 5568
5758 730
5554 7706
6921 85
246 6908
368 8743
3743 5786
5309 1439
7046 303
3282 9001
4397 7018
2511 4283
6071 7109
9071 4619
1088 2112
4860 4913
5284 9863
4165 2739
5896 7262
230 9373
1645 9621
3952 1677
8954 4932
5539 5835
6981 2572
1218 4122
8078 9739
1612 4476
901 8994
6916 1209
5422 7258
3774 8848
2472 7034
7854 9408
8577 5600
125 9263
6084 1600
7295 4163
4862 5649
2461 2462
9757 4122
9344 3897
676 4262
4236 6935
450 2633
4951 5163
8200 6948
4556 3190
2220 6391
8940 4
8819 342
3631 4255
3097 6027
9667 120
9103 6884
3996 6892
9849 4698
465 5070
271 9960
127 9965
4930 6716
2332 2315
4800 6247
8555 2191
3376 4237
5522 1898
3345 6842
1179 1536
9100 2958
4489 972
1347 8259
6617 2460
8375 5060
1091 321
1716 2532
1036 3314
6656 9220
7614 4251
2173 7585
2472 5598
1287 9622
1605 8629
7050 8984
6315 7864
7836 1509
5234 2843
8268 8646
3150 1327
4753 771
2039 3449
291 105
8948 7124
3423 3318
4938 1482
6108 5728
4098 2030
3930 300
2544 6819
7506 6672
6665 6199
4107 2914
6190 9888
4498 7814
9969 2359
598 4987
7864 5491
5626 957
1368 101
1150 5008
7852 8773
523 9934
3997 579
3587 985
45 8984
4437 1816
7274 6897
8448 4426
2932 6170
3087 5271
2202 6210
1145 3106
4979 8749
7929 5252
7091 4054
711 2410
3546 8917
5725 6462
3227 9459
6792 7220
4280 9626
4652 8850
7653 9109
6472 2892
1772 1479
1448 3281
71 7617
1332 10000
2391 5357
9171 3403
8044 6063
1084 7606
2424 9669
5139 2517
9075 5566
9349 6652
2870 1710
6449 7743
1772 5240
8922 972
2962 1622
5650 6769
3204 9856
4297 673
7267 7961
7507 3430
1957 8936
3265 7486
3548 4468
3431 7099
3784 8881
3003 9575
6043 5818
4488 304
5481 958
948 6722
9351 9373
2310 8880
254 3929
7230 3828
6378 4119
4625 1941
4507 2062
7916 3561
3713 4036
4678 3392
2665 7993
1254 3838
861 1495
4865 6437
6073 5265
5588 4720
3664 7360
7937 5461
7031 9065
8889 8681
4116 6810
5865 2911
9054 7266
3476 6681
2599 8791
443 5421
1933 7246
7370 1885
822 1096
2416 7818
7367 5935
9154 2364
3998 6780
6294 3399
2814 2237
7498 174
2861 308
7310 1731
1982 6537
9113 5128
3253 1864
8771 3866
5687 3461
2803 3484
2724 7574
2633 1142
5172 9188
6216 6595
1611 4899
37 5397
4265 6058
2954 8768
3226 9227
2455 5313
5223 8990
8268 3267
5340 8876
9329 646
3351 3574
5598 4783
9353 5406
8604 6519
5116 1429
1574 178
9686 590
4183 8216
3014 6133
5148 4469
1070 2155
7849 5056
3707 6557
9431 106
9910 8340
9748 9176
6118 2122
7396 9979
6233 4738
2624 5449
4243 4598
7305 3296
5999 7608
3273 7827
8977 5610
3784 5838
7011 7998
5953 4975
6573 8346
4552 990
8636 8467
5169 9311
4172 7086
4899 423
1192 3888
5748 8527
9883 6880
8980 6080
8004 4572
8711 7229
6329 8943
7579 5964
2727 4748
8673 2423
1778 2042
3690 3129
5671 1781
5075 9575
7457 5037
9988 3225
2953 4065
8291 8220
3420 6054
3040 8671
6927 7228
240 8129
6927 6525
2892 7123
5460 8725
1451 9562
7587 9805
6745 8991
9579 7720
7080 3443
6669 8429
8832 7417
4793 6884
1433 6008
2979 7249
307 9558
9219 4577
9477 6459
9321 6874
4237 7397
2518 29
6336 6994
2689 2850
3412 1827
9726 5514
930 4740
6811 4239
6106 6389
2008 4097
5550 4322
3249 7523
3669 3020
2665 4505
1943 6223
8174 810
8704 7659
2526 2839
5290 246
5450 3905
2069 4099
4068 796
8962 4168
9837 766
4040 8457
9958 1566
7982 5512
9564 2703
6425 2033
2100 8673
9473 8450
419 7523
5993 9430
6142 9679
3589 8222
3967 3290
2595 634
6396 4018
6608 7698
5558 9041
759 6930
3529 3277
1057 3751
6939 3617
5891 2156
2695 9539
2116 8959
1325 942
6049 9878
7506 2586
3125 1861
5993 8047
4770 1130
5020 2697
4628 4902
7289 252
2797 3211
9350 6543
6489 1239
5746 6742
5321 1850
3709 4935
6076 6041
6442 9352
3090 1727
1380 147
2788 2812
8260 2839
244 7220
1791 2126
3443 7067
108 9700
5579 6110
872 7016
5629 7089
2201 8333
4983 4823
2946 4295
3932 7207
7185 1835
1254 4004
9095 9790
6881 7055
4611 2755
2333 1894
5072 9718
9531 2640
7146 671
493 9718
124 231
6924 9202
1305 3973
5144 3864
8391 2542
7622 9798
7320 488
9119 8825
3423 1782
3776 9464
9233 7710
1250 8323
9700 2733
2765 9891
3589 2348
2402 8537
6452 9393
4775 2904
5826 7744
8985 1770
5698 9598
2032 829
4003 8144
6090 497
2781 8085
5745 9798
7498 4315
3411 9871
8731 3357
7483 7753
1137 192
9511 8629
385 9529
6790 2337
8290 1789
5388 8070
2881 1470
7336 8009
8229 9594
8449 9258
7588 1328
8700 8408
5546 1716
8411 7915
4283 3297
8135 5887
3496 7018
5830 9297
7880 4295
8356 8765
863 2190
3576 2013
1235 1669
4445 7377
452 1948
509 1628
9138 814
9337 6935
1315 3741
6216 3299
8293 1362
5562 3293
8199 5242
5948 4432
5606 8121
1531 7466
2171 7303
5184 9275
8350 8727
9884 7332
1269 6545
166 6458
5565 7697
288 8712
6028 3972
3011 8182
6445 735
1089 6793
1531 8575
6770 2865
9737 473
9492 5331
1897 234
6645 236
5941 9639
3168 1695
4974 5548
9539 2122
4192 9925
3187 8649
4954 6624
7516 6338
9304 2696
4639 6334
3152 8648
704 8155
6029 970
635 1417
6947 8599
6614 2443
9369 5507
4679 4860
1226 3313
2278 9853
6862 5749
8674 1764
2773 4866
6280 8610
815 4983
2320 1071
1892 8922
271 5701
7463 829
4591 8607
7344 7786
7820 6616
8909 4204
8207 309
9385 3905
9696 6223
9716 685
5394 895
6901 715
986 2569
1225 7220
9212 6337
4994 8210
2765 9574
7375 8713
780 4384
7863 794
1198 9044
5653 38
9283 9695
1514 7374
6397 8647
1261 4969
1059 3200
880 169
1842 3688
3667 8688
5013 7346
4859 7360
4211 8487
5326 1406
1160 1517
7301 8558
3011 3790
3355 6451
2567 8559
8694 2426
9216 2938
1623 5881
7441 264
951 128
7924 5929
9708 352
7265 4487
9680 673
8990 6110
1883 4891
5217 3167
5893 494
4668 7510
5693 4493
6412 5521
4493 1075
5092 510
2820 3705
6291 5104
9592 6257
4905 5185
5379 4262
9507 2969
5957 1291
237 1311
5916 1652
466 4364
3535 6325
790 1596
4776 3377
4250 6518
7382 1530
5296 1292
114 2369
5471 6738
5317 9640
7203 6912
5579 149
9482 6514
748 7365
3213 1297
9846 3593
2084 4236
3823 7706
3270 6443
3482 6662
7726 2799
4464 620
366 2165
7484 2377
1542 2207
8233 7544
4988 6368
9842 4353
4454 1303
5560 6315
8961 5804
2638 4042
1333 4684
3885 416
2399 1599
3259 5850
8132 7081
4206 1659
6269 4745
1461 5491
2959 5879
6671 6091
7792 2416
4266 5626
1923 2793
4006 2569
9769 9552
1520 2357
4384 5309
4043 5932
2029 2001
635 8544
2394 353
977 1361
9930 2696
1435 6651
2205 4656
1068 2801
1981 3154
9108 5589
8119 7900
489 9338
4213 1302
7482 2097
3811 2897
4288 7878
1300 6628
6000 2778
4676 6271
275 8061
7852 6935
5973 5543
3937 1711
7406 2189
8877 8167
908 7227
4745 3366
9051 603
1665 4641
5042 9565
5482 4203
8658 1324
8347 8036
5477 7622
2686 5731
3964 7980
7432 7721
3666 6172
1400 6914
8479 8483
2153 6960
7606 7059
5375 3311
5980 3762
3339 4610
6649 7180
5519 5741
976 843
8574 2708
176 9229
623 6264
4436 6490
5299 6777
2277 2308
2368 3253
3322 1467
1571 608
6023 5942
9415 5204
7251 9093
8278 2033
612 6954
3835 7622
3471 7603
8528 2088
526 1301
3417 4249
5392 4012
8465 896
3718 9801
5405 9699
1579 9431
9869 8894
3452 2554
7289 4298
8463 6672
8161 6810
8761 7487
5581 7130
2220 2210
3648 9017
3101 2876
1597 8674
1270 1710
3881 5949
9924 3525
31 7005
3385 995
1648 5332
6197 1423
9603 5867
6470 986
7245 1172
3220 1129
8217 482
4833 2356
6012 7094
7835 4172
1847 5558
8746 7089
7661 4025
8208 1541
7405 8173
5581 9676
9243 6848
1503 3847
5320 3354
3947 9672
313 3518
9094 9289
7938 1024
6494 5576
1994 6892
2994 7709
3808 6147
1206 5604
8503 8566
7887 6
3089 6924
9779 7722
9032 6229
2069 7893
2490 494
1584 9503
3502 6148
9403 1075
4114 2447
2436 2483
4186 9458
857 8446
9038 3326
8145 588
3401 2498
5608 6846
3615 2540
3784 8167
3465 8540
535 2911
8369 981
6075 2245
7324 4097
8974 9684
3057 1257
1818 561
1299 8998
4530 8698
1281 6458
8257 4105
4890 4426
5062 7637
3850 9259
3109 7252
9284 3300
1457 7375
9728 1469
62 8415
3353 7546
3206 2684
7590 271
7543 1264
2276 8388
3531 3349
7416 3817
1337 8304
9469 2021
4059 7607
3077 1415
9851 3378
489 5723
7862 9275
1779 4440
8880 817
8441 6830
9979 6676
3635 2571
9959 742
4276 7233
9920 5770
1724 5382
8924 157
1658 3716
5198 3417
2886 4768
5604 2676
9621 6315
5661 4979
8330 9014
4150 223
9377 7035
168 6850
9065 4459
5240 8193
2331 9060
9367 8426
8188 3070
1447 2883
6190 276
8958 5772
3455 2881
8790 307
5631 651
9449 8929
6385 279
9554 159
5398 4600
7596 3912
9230 4801
9273 7083
3258 7232
5993 5007
1939 2370
6868 9059
6847 9887
5087 7864
4993 6290
7137 2127
9478 2329
926 1795
3352 194
8889 83
9290 745
2816 7589
3700 1290
9301 1502
4704 3845
2221 340
6901 7535
1248 3985
3215 4168
8232 8276
1777 1677
5612 4736
7946 2586
7651 7735
6239 422
9236 6569
4668 2288
4085 4099
5610 2033
8171 2564
3086 5127
822 9005
9205 8390
7368 311
5937 3034
4162 8566
7834 5527
5324 9577
7075 8560
6922 1019
9983 2594
5867 6224
6143 4455
6981 9922
213 4847
3728 6507
1744 4576
1360 3002
4924 5554
1431 415
7409 4281
7018 5652
8193 2544
2224 1190
8953 681
9199 4838
3255 8226
842 2122
4201 2098
9905 3796
9415 8441
2500 9517
3778 7968
5004 1684
4534 4993
8093 2295
5863 9123
5739 9018
3924 8052
3468 7375
7297 1903
7377 2489
1853 7384
3442 5267
9307 7979
3983 1184
9792 6823
8100 8398
2988 1037
4765 7712
3688 3971
6048 5072
8154 3492
1606 6315
2120 5948
3592 9794
4614 6009
32 7533
9152 4821
2902 2651
1934 5245
4381 2583
9404 6169
4644 8222
2366 7635
5108 7585
5680 3029
7846 8413
3434 7152
5099 5836
1064 2778
2418 1741
8795 8335
6191 7633
8753 4333
6339 6718
3228 5818
7037 9282
2483 5462
1204 7223
8813 2371
9354 8832
9371 811
2958 7124
730 5391
5415 8573
1728 2156
1066 7645
3669 9177
4546 8933
7071 4154
5526 3016
7297 3590
9936 170
9412 7291
1259 5172
2735 2968
5540 6810
9958 7350
7543 8406
5892 217
9896 5435
1983 1915
8528 4314
7367 436
6736 279
185 5999
6519 2356
3215 1728
7519 7529
2100 2157
6737 2444
3333 7444
1797 7102
9419 3232
252 8744
5343 3434
1514 8036
4295 82
7996 5785
1974 7599
2203 643
4137 2730
9173 8431
2398 6456
1220 6290
764 8712
4064 1519
3550 9711
5704 8503
1536 81
7727 9839
6411 3407
6455 1792
1597 8746
7226 1564
531 3506
2240 3258
1081 5497
7682 8915
2391 7608
3498 8559
9790 870
9381 6295
5360 8129
1509 771
4681 3984
1465 5315
1331 1401
7397 308
8533 608
9298 4750
7969 850
1033 8009
6033 2418
3848 6
4651 5207
902 6210
5552 6553
8553 7165
2129 6384
263 1403
5940 5775
849 8429
2655 5766
6564 5869
8734 6998
1288 5323
6269 6247
3670 9741
9276 9458
7627 5207
2854 7210
4457 5679
6453 180
281 2242
951 8608
3296 4287
6972 7598
6726 6871
9495 2426
4819 7934
3741 7733
1085 4359
1547 9276
9845 7011
2436 8261
1124 1865
3981 4595
8557 3146
4810 5556
8146 7881
8720 9888
8436 1973
7298 664
9093 177
2636 3084
7773 2447
9559 7744
357 6199
5592 4554
5345 7558
9336 3720
5376 5251
1629 6339
6433 914
8202 7721
9724 4068
4048 2164
1064 3607
9679 7777
7360 596
744 7886
598 6689
7129 8887
7121 4765
8067 3614
8142 5236
6598 487
4277 642
6054 8642
3136 2640
608 5039
2857 545
2826 8817
2592 178
9640 2915
883 3191
5478 8821
2464 1617
5276 4593
8111 2484
1362 1585
9300 2517
9682 2490
2384 7980
3768 2228
4404 3149
1540 7909
3985 846
3871 3254
1353 2072
9717 3365
3300 491
1681 2199
4388 7234
2330 5482
5956 843
173 3609
3326 6148
4111 5606
8397 9267
3230 7220
8391 4906
1001 7057
2010 9454
8072 5968
6174 6890
1204 1677
9983 6547
6510 4951
4648 3967
9426 1860
4615 6396
5353 7722
8650 6744
8395 4996
7993 3883
9461 5241
9427 1121
798 4017
7750 4874
6384 4261
2962 2348
2199 1389
3801 2013
9178 3385
7097 2214
6647 2398
5725 6210
6691 1671
5218 311
9419 9259
7770 2123
6519 9731
5711 2710
8486 3388
1092 9718
7071 8270
185 8992
9593 544
1871 4421
5761 3291
8253 3398
6852 9646
4514 8628
7407 2623
4574 2569
1938 6210
5959 8999
7174 3833
1061 7433
8318 4296
1483 8772
7357 4538
6215 1329
9613 7233
4779 9888
8809 3960
7914 1831
8465 4543
2748 3337
755 6253
5520 5285
1956 646
6607 7395
5997 9260
2358 2
609 9205
3556 1377
5332 5802
7769 2566
1294 5815
3294 3280
527 1329
9662 9581
8872 5613
5808 3152
9732 7954
2830 5492
3044 9501
4406 3573
3439 1364
221 4839
4587 6760
1457 2618
498 9797
7034 2286
1003 3337
8276 5935
6771 9249
3954 9240
3787 5449
2655 5818
431 3404
4413 3950
7452 1084
4757 6054
4193 8009
3762 7721
486 3247
8228 919
4495 8506
1767 1699
904 7366
8289 1538
6351 3588
4328 6095
2903 9474
8550 8415
9604 6243
7426 8664
9809 7682
3473 4760
7462 5915
8281 7398
4902 4390
8165 2692
5668 3752
7170 3778
7420 9393
8718 4776
5804 3392
6342 1746
7130 8018
3306 9644
3366 7473
2991 9140
225 8673
2486 8598
943 5311
4552 9664
6410 5436
2924 5190
8145 3337
182 6755
3185 4320
1925 3760
9986 2848
2778 5027
8925 6736
5412 3931
4685 1651
8526 2241
9971 5623
1249 4383
2760 9685
4351 710
5337 3491
1167 4782
8591 4780
5491 9601
9874 5818
4965 2823
317 4065
5092 8374
9229 6707
5275 2819
38 8466
980 8910
967 8835
8268 3540
9588 1088
3584 8568
7460 4807
416 2060
5802 6975
616 9632
7000 2819
5840 4764
6831 5053
5397 8606
3454 2114
1509 2445
4669 9112
226 2204
26 6055
1812 2412
6915 6278
6610 8843
9654 3483
2461 380
6408 9843
9984 8275
187 1867
7433 5032
975 7631
7546 40
5751 1261
6689 7448
1085 5832
6522 4140
7769 8548
8539 5005
8596 6198
6634 5698
8882 3850
5215 6077
5755 6060
1007 2164
4320 5067
3743 7199
5797 5575
7726 6971
3173 177
2793 5230
2136 2442
1045 8924
5935 7170
524 3383
8724 6087
6943 4759
1823 3419
8080 530
788 152
8867 8445
3595 9749
7972 4915
1096 942
7609 8148
824 9696
6575 6021
6648 9838
6586 4456
4213 5742
4870 5977
3984 6241
7784 8539
964 9490
4801 4898
4201 1046
8612 8959
2528 2601
8214 5700
7908 2205
1679 5729
9229 6169
3655 508
1895 4886
1607 1973
1065 116
1835 8313
1164 33
2211 106
2223 4829
623 4384
6384 80
6576 9326
8788 9871
6372 6197
9865 6074
5258 8999
2745 9568
8877 4456
5116 2887
6741 6995
5381 5362
953 1536
7131 9345
8127 4982
1035 4601
3928 8635
8292 7505
8728 79
8390 8792
6886 1032
1695 9669
1083 9646
8475 5993
5675 7864
9696 4599
2701 1024
2648 6368
3461 1915
557 9144
2531 8701
6632 3932
2309 7783
8242 1099
3164 6817
5704 8278
9452 1970
4105 3209
8034 3263
4385 8863
7252 726
8076 732
4219 4161
4134 7025
9738 7398
4117 2783
4897 1519
5646 902
3706 1960
6809 8415
8529 5121
7117 8569
2565 6976
2705 5042
2200 1289
7626 6502
6359 2993
4761 4311
4671 1274
9897 7021
5626 894
6272 6966
4524 1527
8090 9601
9074 3421
793 6285
508 9923
2831 2710
8119 9422
4505 2808
2973 9045
3667 7372
9421 1675
9740 7554
4193 291
9118 2849
1535 2343
2025 1464
6225 1057
2647 2813
2965 5406
8494 3004
2518 2167
4266 9608
5789 6202
614 185
128 9998
5725 8780
4709 9093
1342 3306
5141 1744
6701 9495
8713 3761
9645 7385
3670 3879
4468 7070
4531 9591
284 3470
3691 8396
8381 7631
8036 4940
8465 1743
1562 5661
8224 4171
9878 5007
7685 2832
74 613
6563 3446
5413 8543
5248 8144
1189 8805
9915 573
2561 3164
7083 7818
3145 2304
4186 990
8313 1410
4399 8644
9600 2911
3055 269
6096 8190
1756 5016
3744 7721
4881 6553
4471 7876
6799 3377
6146 4754
5679 2745
1197 4235
1059 8217
5754 7954
7929 7119
8659 2888
3959 5042
938 1079
5970 9880
1255 5323
5610 4846
1111 6684
2837 7209
9439 3072
7423 5035
457 236
3018 5310
3770 6816
7872 1573
2377 5973
5138 8167
460 1568
3800 9725
9739 7429
1283 815
1102 7088
8973 8850
9388 5000
9344 1334
8822 4954
6349 9523
7115 6188
5258 1699
31 5927
840 2343
3487 8232
3309 2239
5296 7262
1130 1442
5791 7761
3442 300
8466 2633
8910 6192
4877 5629
6256 3980
7099 100
4722 9370
8104 8643
564 4567
5757 7144
6935 2025
8069 8158
2546 3851
5728 1004
5343 9936
3864 1254
2538 3534
5707 1976
218 9063
8140 5589
2992 6276
1046 8864
5198 8345
7241 5023
6930 6653
5540 4038
3306 8821
2542 8390
8209 1555
7198 7616
5527 8380
2591 5500
8578 4506
9872 9402
5466 8325
9248 9028
4847 6111
265 8353
5283 5790
3964 846
9594 963
8946 8598
5061 1043
1256 8746
8490 7810
7341 3421
37 1179
6896 7899
9382 130
2739 3755
7815 999
5709 1254
1471 3230
1894 4606
4612 1264
3453 2467
9095 2205
972 7882
1332 2293
7269 2361
5820 9552
2051 7680
5709 6253
9511 4091
144 188
835 3116
9623 2926
6110 7475
6561 991
4917 6599
1202 7817
2323 1122
4691 7779
958 2924
6779 6425
2124 9028
9672 4884
3988 2480
4601 7379
3822 5431
5995 2980
7265 5763
4807 6439
203 3479
7304 8796
7338 9722
854 8247
5741 6908
740 9114
1089 6198
7746 2719
480 4013
8192 3674
1252 5523
6821 9436
5380 4639
3622 5599
5719 4448
500 1912
8138 4669
3794 7359
443 9875
896 896
7334 4352
3887 5755
6983 1684
573 6202
3421 5887
2011 4714
1847 803
9529 9772
7049 2260
2114 4692
1426 9087
6832 986
3889 4187
9795 5131
3690 6236
6854 1608
4860 8911
5375 5714
8933 5908
4251 199
8822 6598
5504 1770
4349 5233
4196 4088
2947 7628
8059 7042
7240 2543
6962 3587
8290 9488
6887 1936
7718 6567
316 6363
9461 7236
8176 1386
9282 1964
1803 3076
4436 4783
4737 9509
1042 3778
7257 2815
4573 1505
770 4446
6138 6279
3975 8701
7095 8635
8996 4191
983 2143
3530 7527
8418 3725
3015 8342
7528 2721
4005 149
2567 6510
5196 4730
5853 7690
1652 7306
6029 9562
6560 9884
7591 3195
8036 9497
6933 3050
3263 7927
8693 4476
9897 3860
6267 8430
5072 9444
251 4135
657 3466
9188 3651
1499 1979
3104 4389
9096 5790
8645 8615
8793 38
2996 1635
4849 8599
1098 2246
8892 5992
2040 4871
9499 1715
9349 3679
2961 4767
6138 7753
5679 2726
3637 6673
9734 6574
4104 9299
7165 4177
1578 3242
1249 3636
1159 2192
3898 598
2365 4719
4587 9544
9244 6452
8651 6914
7575 1329
5785 7203
7956 5273
9910 2997
6808 8531
5578 4456
8960 2067
262 8919
9069 5738
3472 1711
4948 8788
4830 5472
4172 1736
8986 5867
9163 9815
9316 7543
6182 4763
6610 7219
5951 3258
6331 8291
5979 5762
3377 4086
679 5400
2254 1457
8658 596
2763 8167
3779 4300
8576 5239
1022 210
3853 2273
2241 1868
8712 6645
8259 5675
7593 3846
8812 8020
6391 5022
8555 1693
9629 7185
1458 9679
1905 8848
5670 4786
3847 3650
2545 3947
3517 6209
8510 8295
1000 9514
5287 2609
4415 3971
363 9010
7918 982
5824 9446
1600 861
1025 6192
664 9974
4124 8899
5847 7300
5193 8326
7561 2981
6652 3666
4452 8855
32 8986
1013 3492
1625 9096
115 2200
190 4666
5013 2494
6021 2887
848 8759
9486 1671
1141 7468
6807 1640
8753 5368
6675 5036
1693 2230
817 4103
7865 6146
5756 5264
6063 7445
5483 8145
2890 1096
5486 2263
9916 8564
2491 7727
4559 6795
3669 1324
3704 1685
9939 3509
3874 841
7822 6504
1424 3110
8589 8019
9827 4602
8228 2818
6426 4027
9145 9457
2334 5149
2901 3524
9081 3132
8436 3961
3514 9432
7044 633
4376 7483
2819 1951
2705 6522
5348 2874
4836 6870
6068 3971
3887 7430
5324 8383
7213 5922
5461 1457
496 7262
7492 6891
9930 538
1145 9503
3169 6946
7082 8487
1912 3159
8372 8529
2660 5183
2384 572
1178 6057
6001 7074
7140 1234
4284 5887
5745 6714
5042 4719
7064 6392
2588 3599
3753 7451
1959 4967
9599 7645
4583 77
5735 7786
4587 3801
2014 2090
5383 6660
9438 1304
2665 1629
3496 9440
1118 5701
6496 7659
3292 2277
4711 3003
1614 8469
2846 1332
2229 6114
6063 3693
2646 1217
6816 6671
6776 3156
1677 8131
902 318
6489 2126
9976 2896
2536 8339
2617 839
8157 7345
1149 8687
3809 2840
3115 5710
4545 1860
1766 7613
1022 9247
5495 7134
6692 8961
4077 2051
144 7268
9351 6926
6154 5253
8195 3500
2952 7184
8034 3146
4388 6764
1819 1563
6084 1136
1019 8312
8062 8847
3104 7557
5641 9816
1531 8203
1421 8415
3386 6324
1472 3988
401 1176
8166 8367
2552 4845
8727 668
4363 5448
4997 7528
1275 2841
8870 2127
2118 1852
6444 4238
6756 3795
2976 6899
708 524
5573 7386
9710 2129
290 8004
782 7306
8931 3156
1777 4289
847 4298
1521 2132
2972 1030
918 4762
1018 9669
2987 6031
5290 7565
8211 992
65 7523
6742 4424
3743 1519
9715 6300
7612 5564
9083 6880
5069 9934
760 7780
2040 8623
1991 1715
3585 7945
4235 9495
193 7697
7590 8108
1015 6247
3056 9659
4272 9781
2345 5846
6228 9326
3032 109
9054 9878
9808 2591
6360 8712
3326 8193
6427 1716
1564 7879
7819 6830
1430 3048
745 9029
8268 9164
3984 6291
1700 8478
7303 2473
2670 2381
4198 9109
4940 8045
8340 8782
2284 4
1722 4097
8471 1141
7672 3999
6601 5606
8585 3558
9514 923
6286 9393
271 2698
8938 8629
5949 6849
1191 142
6146 5756
2343 9543
1277 2061
8864 9869
6000 1482
6434 6221
7173 5835
7571 3362
3208 5494
5386 8780
3026 5400
6590 9436
9758 8185
9925 9277
4569 2280
1633 132
1979 9037
3760 9136
1029 9566
6484 6537
8777 7879
6097 1174
2152 2915
4967 1160
4819 3336
3951 5703
8086 1017
9559 7001
3222 4799
4482 7482
7373 2188
4190 4921
4152 7631
6789 6425
7911 4931
9093 1933
1985 9940
7505 5165
7543 3762
5343 8796
799 8286
7282 9251
8038 8441
4502 5679
7160 56
1146 3023
2029 9552
6257 578
3119 17
1878 6440
7283 3539
5882 9163
3909 8725
8423 3535
4967 4935
8366 3301
6158 9792
6668 1640
2300 6282
8161 5979
4685 1610
9134 6498
4811 4824
8307 9141
2264 3120
4570 6556
1151 5122
41 1623
4662 8367
6214 4974
3507 1399
2958 415
2684 17
4272 2377
7677 8453
4566 758
5655 5689
7106 6381
6374 8756
3160 779
5204 7808
2369 8731
8034 6396
8610 8832
8349 7137
2628 2559
4957 95
1885 3847
7381 8264
6684 1208
314 1039
2726 5233
2071 7152
2251 4918
3239 7537
8054 6078
8666 5871
8800 9712
3761 2533
5371 6072
6434 1408
130 670
1194 2778
2934 4922
4314 2849
8523 499
4876 4760
5532 7231
711 335
4902 3363
4027 7302
8918 5394
1623 5936
9878 4306
2930 2113
3994 480
9581 4607
65 3478
7135 1338
1527 3293
8026 2686
8888 180
2790 9295
8941 6899
7446 6080
8919 2823
6113 5525
5489 2437
192 3877
69 5486
8529 6461
5099 3635
3407 8105
9033 9597
5341 2377
8071 2817
769 4471
3754 8236
8856 4399
7757 6771
9426 1728
8214 6757
2928 6866
9840 8496
762 1247
774 4343
6041 9052
6307 9009
7325 628
6768 235
4379 6330
4974 6150
2029 502
682 4355
9126 1002
6975 1217
6902 3524
8422 6869
9251 9488
7022 4544
8146 542
8280 3673
2769 294
6846 7737
1830 1635
7736 5703
2810 1128
9009 2712
1865 4171
7614 9947
7801 7062
1157 7592
5225 291
4573 6744
5792 6786
4222 4225
175 6959
1289 3200
6850 1128
5254 7803
1638 5446
7893 4346
8519 7763
4485 6633
37 2329
1306 4743
4681 5812
238 500
6005 3864
2011 1402
1327 2925
7425 1441
4867 2084
9235 37
8309 6422
5614 794
5160 9425
7065 9670
8355 106
194 2309
6738 8054
903 323
2540 6250
3507 3385
4130 4115
2190 7548
720 9781
1604 8050
4142 5315
8939 4804
1939 3474
2049 2595
6329 2305
7889 8173
7639 3023
9955 1489
4302 9610
1336 234
1354 7903
1815 4438
4602 2135
6688 3293
5654 5599
5069 5971
7859 3378
3467 1952
5787 1844
3159 6672
9626 8323
2327 178
6943 7256
1118 8292
7487 7988
7831 2024
9392 6858
4933 1678
9069 6168
3575 4579
1148 5210
707 2114
9059 7459
2758 1181
2398 4267
158 1895
8889 6347
8967 212
4178 6423
7534 3860
6039 5172
5691 9215
640 6422
1501 9047
2241 6830
612 2824
8448 2840
3301 6462
2109 788
6639 276
1896 1249
3754 1039
3377 7532
7318 5118
7653 7160
8609 3579
9207 96
5205 4961
3348 7615
40 6363
2162 1475
4712 1397
2677 5983
2518 4453
5875 8270
2543 9725
3450 1228
5330 4423
9182 8786
6015 654
991 5967
828 9258
9060 5723
2211 4226
1392 5300
5889 9031
2949 7148
540 6671
3770 6992
8870 2823
4817 6789
6787 2629
8995 1615
9687 5966
1851 7089
9996 9301
7790 4986
6950 7398
8520 3576
1501 823
5460 8746
6741 1729
5041 6569
7771 6396
1483 4749
8406 7494
2135 606
2957 8348
1918 6035
7913 4711
1138 8630
9060 4684
6650 5750
1582 1103
2138 1808
9647 3350
7710 4435
9201 795
9320 6557
9389 2807
3140 2610
1702 4694
5280 2579
9621 9266
5767 9180
746 9093
2068 9674
7695 450
8018 5371
1444 86
6956 1383
3921 77
2316 8515
3504 5565
1209 8822
7200 8810
3109 7076
7711 8121
3880 1897
7394 5464
952 1664
7407 5735
5971 9378
1692 4675
7340 5024
7056 275
3516 8007
1639 7130
9802 6170
7949 8657
8076 7702
7236 9337
7684 8347
9300 7252
9053 2936
9320 8377
868 8716
7865 6547
2640 8806
248 4200
1502 8864
3008 6819
6308 4115
9595 824
223 9291
420 4915
2280 5187
8633 821
5628 9634
3135 957
8903 9397
5468 3452
3868 4713
2094 7520
6744 1155
3703 4029
9737 5228
2677 3511
1814 6350
9586 4301
1570 1704
3394 7117
2485 1929
2873 2216
8636 7848
4405 7152
7750 5849
3527 1085
2517 2344
8411 2150
1123 3417
1262 4291
1043 2801
4628 5637
8104 6925
8796 3674
2610 9065
5128 3475
8475 608
2642 595
459 5387
879 9148
3759 2884
3045 3832
3236 8337
4214 5390
3880 6894
8734 30
4331 582
4203 4881
4224 1240
410 5871
1599 4000
1235 8713
3178 6902
467 639
2530 825
5028 5332
9509 4816
7895 5472
5475 4907
1752 2599
9213 4127
1303 4574
5993 5393
4294 7095
9361 2591
3215 9860
5025 1913
5894 4899
7617 7804
144 646
7406 8867
6391 3202
5111 3381
4343 1744
3440 5830
5029 1861
9087 2300
4845 7775
9203 6619
9397 9488
2096 6541
3446 1953
1055 1444
4828 5368
446 7264
9303 7340
1837 5004
4848 639
9715 1369
1900 6502
4787 9278
6213 2863
2145 9393
6373 5300
7075 5490
8216 399
8030 8457
4207 5113
5280 5769
2451 740
1287 8067
5316 3396
5148 3355
9056 6062
4062 8178
1007 8677
2843 4977
7128 9136
7850 7763
3841 4203
2707 1678
192 8579
1701 2975
89 101
1677 3576
8228 9852
754 1648
4304 8453
1377 4532
7251 8003
96 8346
1267 674
5269 2412
6654 8068
8729 9268
3883 3837
8027 7234
1703 7674
6269 1766
7909 424
576 5722
2182 8648
4870 8500
4939 7701
1361 8073
6548 825
3743 530
8592 1405
4662 4870
6479 6455
770 911
2922 6149
5959 6599
3385 3080
2512 8249
9201 6104
9871 6168
9915 9309
7030 5622
8564 1463
4804 1384
2739 7488
4408 2929
1043 5820
7167 5737
3797 9202
1792 942
2337 1159
2816 9469
6663 407
9171 8143
1133 4690
8985 9823
5416 2207
6793 5407
6595 2703
8617 4707
2941 2125
9908 9200
5207 3194
8780 7392
9841 154
6008 2710
3601 5628
3028 1517
2848 9695
7979 9570
3550 4317
3506 563
3928 358
355 434
6008 1938
9172 6534
4762 6354
1155 5423
991 1283
7430 4611
2321 4494
6735 5943
6004 4380
6798 2151
7342 5621
6157 4356
7595 8036
8428 6440
9739 3312
2886 8322
1925 7046
7392 5165
337 8129
4184 6077
8217 5232
3271 7532
6805 7894
3164 3646
9227 3104
3842 4926
2361 6646
4484 2613
3603 9461
2695 4625
9300 5152
4823 1004
6354 5207
7621 7908
9742 3050
8913 1530
2694 7951
4385 5727
677 6585
9693 39
5489 623
9691 3946
225 4626
2529 9066
2303 9026
7387 8636
6514 7092
4473 4886
2499 1462
5555 160
785 1654
4767 4132
8330 2511
4672 1367
936 3061
6258 5813
5750 9643
5165 8973
5371 6952
1727 4819
6649 4421
1574 105
209 7313
947 1007
3645 8155
8953 8818
4052 721
7033 9725
1340 7257
6967 717
5502 7347
7746 411
4616 2580
2297 5729
3205 6548
1876 6294
9123 275
1769 6188
4620 7355
594 9532
8436 5690
8289 7981
6767 6059
6354 2156
279 9476
679 8041
5600 1690
4159 1090
9909 5208
7179 2898
8686 851
9706 3931
286 5456
2511 1109
1009 6603
7753 9099
2837 2529
1342 5629
1776 3642
2225 4729
9006 7982
9306 534
7165 2383
3910 2167
327 5939
9910 438
4912 9249
5956 1954
3528 3177
223 5775
7855 9482
6327 2923
1844 2201
1929 858
5218 7367
9450 2033
4136 6422
9457 9962
7886 7306
3777 1654
7341 6805
298 5072
6272 300
4592 4798
8614 8251
1424 8374
6799 562
8245 9506
8275 2564
8258 9601
7370 6723
2845 7447
5288 4083
6880 7227
3279 5199
3329 1562
4784 2778
2569 6321
9153 4675
6203 7850
294 8148
205 7976
8177 4627
4828 3951
1695 9828
4797 5200
507 5334
7243 4978
1982 359
5167 1586
285 6136
301 4422
3476 3695
9754 1417
1538 6610
2111 8664
5062 8607
6252 8176
9357 6976
3424 4447
4460 3103
3900 3045
806 3004
1805 8617
1880 1921
3153 6027
4867 1165
6278 9624
8435 1413
2963 309
6020 8975
6980 1747
3928 5675
870 1046
4978 921
3027 9946
4776 4703
9319 8249
3141 7504
4777 8431
3479 4143
2089 9936
3421 4981
8367 1728
32 2524
1309 8480
3263 9289
788 5886
8065 2446
3728 3702
1841 4562
600 6855
9343 7378
7895 422
57 6085
7065 711
8206 5299
6106 758
6570 2311
1891 6564
786 6057
9083 1186
3356 4660
2976 3433
2226 6387
6412 7114
9045 9761
1792 1396
5212 9878
4588 9333
7026 8524
3293 8188
7561 1720
3882 3464
7610 1009
822 2910
1171 3722
7329 2767
5265 3322
3833 5244
7775 9923
8661 6425
8794 8108
2316 1918
5233 6709
292 7617
4808 7062
25 7445
8095 9434
3855 2647
3375 6366
2534 4895
9981 2098
5974 7380
7790 7584
6108 3352
9021 3917
5086 899
2781 3866
378 6204
1281 6608
8802 1253
5987 7874
619 1498
8809 6877
2760 9613
9256 3024
202 9196
6333 1144
2505 9295
339 1244
1522 42
7147 1271
2958 9323
5109 8811
4441 2640
10 8924
732 3548
1746 653
9162 7368
7776 4433
1156 5949
2545 3864
6917 9428
1333 9571
4102 7050
101 3414
6106 1795
1258 6303
2551 828
3035 3416
6372 3138
5509 4129
94 1074
6304 4640
9331 2700
8860 9625
3293 7185
7613 9643
9268 8423
9091 8307
6950 2711
6650 60
9194 9697
2255 7878
7145 445
4397 7581
2020 674
2034 729
957 9360
5682 4786
6288 651
904 4732
7063 1917
1844 4309
8552 9672
1757 3481
250 7626
9166 6523
9874 8739
2405 9087
5218 7697
9173 4368
889 4120
1129 4833
9212 3974
2527 478
8101 5377
6208 4493
7230 4893
9854 5951
7906 6965
7431 3616
774 7202
4387 4282
160 2636
2542 2489
859 4886
8611 4803
3480 895
3208 1736
9255 524
7795 4392
7779 8681
5276 5768
7255 1624
6918 7651
9418 519
1513 1831
8549 6935
8290 8516
4834 3920
937 9065
4498 161
9285 9931
3331 9087
3977 6915
1741 8992
2029 7186
830 2568
794 7513
5417 1419
4308 959
5021 949
2541 362
8976 313
6008 8578
5255 563
403 8050
7446 6807
1506 709
1506 307
9172 845
1592 9201
8708 8244
1436 7841
2845 6014
3758 6392
2094 1323
1478 576
2834 2786
6561 1891
9476 6882
3504 2985
550 3405
407 7811
6815 4273
6971 4139
4432 3123
8288 7671
6537 4618
4661 9412
3966 4368
793 1361
2601 2888
7848 4310
7329 633
8510 7148
4989 4562
1457 7140
8166 2637
2213 192
5419 5979
1866 3517
7890 9952
960 9262
9150 7378
5272 3985
1078 3876
3344 6550
280 9325
623 1384
5137 806
9138 3270
9609 8202
6350 7818
4861 8546
8269 6196
2856 7620
3518 6515
7308 6183
7494 2022
7251 8003
4848 3942
6002 1755
3328 4870
9089 5282
4554 5815
6997 5445
4161 3910
1917 4942
5156 213
435 7968
7312 85
3355 687
5563 1512
3987 9803
9750 9112
3995 4625
9258 83
7661 1166
4385 3919
1808 5955
9233 9665
8827 5240
9548 3767
2559 2578
9073 7492
8802 1344
5662 7889
8936 4980
7125 5090
2250 3702
2195 786
7556 5909
7714 138
4627 4892
2425 5481
9020 8061
4275 1440
7199 9719
9956 5654
8546 9195
4971 34
2398 6172
8244 5500
5814 8866
6972 4824
3862 1908
5960 3924
64 9471
1053 7475
3602 9425
6361 2950
958 688
1736 8332
7723 6025
7410 1364
6865 9222
4035 4410
5176 9046
6710 627
8004 9814
5629 4081
9459 6073
14 6891
5686 6011
7658 9449
4863 8971
4755 1209
8949 4116
8432 1737
2172 8876
1529 9484
7199 279
8475 9662
6608 8195
2013 765
2159 1188
5661 5334
8228 3477
4267 4644
1232 4999
3380 8903
1074 378
5203 1162
9062 3298
9697 5941
4578 949
3572 4238
3559 6528
6203 2830
6043 3071
8128 1173
8588 1543
7967 7792
782 6639
3591 408
3705 6039
8020 2829
577 6695
8813 7276
4133 217
9298 3840
9423 6822
2753 4856
1022 8066
5275 5795
9854 9175
1963 6205
1030 9160
6575 9289
2717 6903
5257 8347
7233 2731
5152 8816
1894 5894
875 4803
6815 1452
7402 9242
1457 2591
1327 4877
3423 3581
6297 2822
3692 5686
3940 3523
451 871
9280 8463
3774 8986
7442 982
5349 4507
9768 2193
6873 4106
4821 9852
9165 2051
7974 7393
5375 9370
4075 9866
4992 2252
7872 1290
444 7782
7430 2947
2144 5026
6749 6311
8844 8830
6667 7957
7340 3596
5566 6126
8125 642
2955 8876
1190 8134
6672 605
8616 473
7040 6668
3725 8737
6392 4865
795 7196
4018 7915
3998 6347
1614 6106
3654 946
4979 942
8165 1698
1153 7762
3118 520
2018 2161
6339 9852
9369 7187
668 2437
1332 115
8809 1795
9579 2491
4164 1798
9051 3085
6489 5964
9153 1285
4638 2744
7821 8749
6939 4529
6292 2808
623 3794
3573 6651
9798 7268
7128 4786
7373 1102
238 562
5553 5418
7845 9846
3051 3852
9073 5702
52 5701
4919 4429
5589 8345
800 7908
1656 9216
9412 7893
6177 9144
4311 3650
4852 5691
5308 8356
4817 9427
7112 6462
8835 4975
9560 3564
2114 3404
9996 5525
8647 8300
8591 6630
7975 3558
888 1474
3592 3557
3275 4170
4234 4522
2477 2525
9019 7189
565 7798
9617 7282
9211 2682
2827 1266
5557 7763
4453 1884
6536 8262
5476 7444
5973 1009
1521 2137
3073 5040
4365 7903
735 3075
5601 2586
9226 3303
635 9221
8758 7789
4513 9407
756 950
4897 5591
8923 1775
255 9897
5121 4213
3269 5566
6599 8749
1648 6279
2107 8810
781 1554
3413 9466
126 823
1603 8906
4551 6429
1988 2305
2216 9784
6951 2060
9640 5449
6923 9965
558 1956
3378 4665
5001 7695
4500 40
7095 7596
8597 7612
2726 9004
932 6168
4500 1183
1717 2819
9474 5018
7411 7275
3220 8295
6365 3854
6128 9618
4285 5811
6086 1529
4077 223
6562 8151
1482 2942
5866 6891
4893 6795
4188 9609
3474 1160
2039 9796
9923 9838
9071 433
1812 9687
2178 5675
1566 6492
2003 1740
9653 3533
8563 2876
3001 3903
9229 7160
3583 9943
320 9285
4706 9155
1132 1446
6556 170
1193 3642
5407 8054
2816 6044
8769 9428
8477 5481
3281 3280
8333 3519
1954 4083
4006 9271
2756 90
4684 4569
1521 631
2373 4943
6981 800
5711 8310
3706 8155
8497 4873
2508 4571
5931 1537
4247 7188
1919 2748
6775 5851
2202 8949
2759 1359
9985 3848
6431 8969
518 6476
2411 2148
5053 286
3944 7925
4710 7511
2365 1801
6980 1991
5974 1562
9898 5768
341 2360
8341 9385
442 1334
2863 752
5351 502
5162 5888
5765 1482
7257 1953
5507 1300
431 3749
5672 9247
3924 5230
5506 922
3589 529
9127 7914
1535 948
1179 4240
6741 8110
6 9363
4604 4243
9915 106
5517 6775
3127 7092
4284 6543
3462 8911
2841 1582
7257 233
3753 3110
342 3892
5200 2189
8668 6334
8538 6982
5257 4201
9970 1898
3145 1711
8109 265
2748 4942
7635 5278
2864 5019
1729 9595
105 3652
917 3290
1659 891
3663 5018
1427 4312
1180 9555
2313 6516
494 8623
1871 580
530 113
9954 1498
5205 7076
9561 1326
9221 8379
4683 1018
9286 9616
4945 654
8568 1866
5823 4133
6472 460
4222 5131
7854 2708
5639 6105
5001 4402
7672 6557
2476 8650
2419 5829
9940 1634
4804 892
8295 3963
9930 7096
6484 1692
1929 916
8660 2050
7033 8742
2322 2824
3565 8586
1927 6996
7286 7061
1873 3609
9937 6202
5179 6776
733 3429
4511 8297
2853 1967
844 2333
5284 8925
1927 5209
6177 9455
6930 7622
2940 2411
594 7845
5083 2392
869 5226
9650 5600
3345 6307
5432 6943
440 4291
6059 731
4968 1056
3745 6633
1276 2979
4227 3568
8126 3315
2351 7918
8635 5306
2170 6547
496 5798
5785 3740
5457 7770
1149 3883
7738 3450
8101 984
2084 4032
5212 3684
2961 8712
9861 970
8811 9368
8649 6173
5776 9009
4393 8447
3321 9471
2899 3448
2939 6542
1980 7069
9001 3474
9995 168
2083 3191
4534 9203
1600 1449
5372 3317
5650 1373
7221 4896
8438 5199
8952 7363
7083 7035
6448 1365
677 7095
7749 9520
1997 1918
30 3087
3727 1914
2841 7050
1161 8200
1530 2975
7842 3158
2978 2462
3569 3683
6100 6531
2260 1174
8282 1792
8077 4776
3439 997
2509 1545
4913 4184
2018 2259
2858 7578
9310 9297
5607 5851
8685 7149
4919 2218
2712 9560
7792 8224
7699 9544
151 5230
4642 2621
7290 1340
9957 3755
5966 8593
7906 5554
2365 139
6755 4527
4141 1165
9183 2996
9162 9109
2343 4360
1822 5895
3384 5861
3146 5357
2940 5647
3255 5687
8352 5038
8539 1650
1884 3428
1416 4747
5877 1075
5543 7900
246 304
4707 339
6966 4566
2798 5327
2574 7638
2814 9541
4366 6838
5840 3873
7069 7085
662 2566
9021 7218
8942 402
6692 1185
3354 4691
6237 3769
6174 5485
6373 2877
6621 1354
890 4676
8498 1758
9183 5160
8557 9556
7495 8019
4391 4255
154 269
7937 4602
4437 5502
1010 6026
9586 8791
8180 5178
4835 1491
3439 2745
667 3831
5934 9247
6153 9781
2974 686
4682 8672
9480 7860
43 2478
1862 6041
4574 4384
5352 3173
4852 820
1340 7639
4724 8763
9327 1309
9674 6312
6061 4855
7792 2982
3131 7459
8201 668
6204 3487
3095 2465
8558 1015
7125 4907
180 9673
8142 2204
623 1786
1247 5569
7546 545
8511 4210
1149 9020
9144 9403
5045 5719
9912 6729
2960 5733
2721 8871
6651 1446
3096 9910
1311 2148
1145 8242
4755 9468
9144 2501
5751 2293
6498 8399
1471 2757
6376 6646
8577 7808
1714 7175
9892 1901
1286 1757
3718 7289
2307 3916
1953 4997
23 9664
6790 3468
7285 950
2763 3387
620 7417
3705 4892
7914 2867
3617 7537
2388 2768
4950 4043
5629 6162
9414 3075
4245 5725
7685 3134
1955 6383
4924 2938
8697 268
5979 3573
8397 7220
2737 4846
459 287
6919 7666
8765 2871
1168 3732
8244 1720
8407 9041
6296 1197
563 4460
2489 5697
6440 7249
3946 7950
9423 4652
3507 9844
3764 2649
4081 8299
4457 7365
1534 7718
8757 5952
3916 6303
905 2981
7678 4098
8495 3413
6506 2661
1498 1360
7719 6266
8830 5225
3498 4321
5490 9546
2820 2735
4380 4740
8092 1896
9669 5663
2245 5432
3934 5968
5498 2444
7479 760
7256 5881
3672 6603
886 6499
4850 2201
4261 3335
6274 6186
217 1098
2016 3611
5094 2693
6084 8857
4216 2114
4913 7776
2246 6144
900 1247
1468 2857
1137 3123
9318 8017
1902 4281
7721 2652
1637 3625
9100 5697
9649 9381
5527 9700
2136 687
5436 2260
7318 7546
1080 4974
4459 6810
3909 5377
6408 8764
5450 9372
7356 8171
1351 364
509 1074
4513 7627
8404 5403
8240 986
598 6067
5588 9578
2471 2736
5304 8887
4302 98
6538 721
829 7702
7391 194
6698 3058
8492 519
1737 1048
2030 3244
433 6465
8534 8796
7879 4102
2512 4532
2521 4676
1693 7252
755 2866
8348 852
1770 5605
4555 9618
9579 1829
2729 2191
7132 4135
8113 2389
6077 2201
2500 9194
6725 3725
6416 1039
3731 3507
1355 1538
8277 5637
1861 29
4383 4815
537 4227
6177 9334
9595 8177
4462 8223
6973 8788
6193 9669
2882 4471
5749 6958
95 4360
8770 2482
7539 1156
6012 8185
7467 234
9303 3387
8817 7257
3576 1297
4916 6184
4899 6129
4353 6524
3396 3624
9061 4741
1014 2517
4618 7775
9179 1764
6464 4727
7681 7288
5117 9186
3170 2472
8182 8934
1478 8066
7074 3714
27 4641
2519 1722
2496 6921
7181 3625
1608 4544
7528 8580
8760 3947
5886 71
3907 2581
6728 6982
1057 131
2636 2645
9478 6761
3450 7568
9741 380
5636 772
9529 1124
5215 6930
7957 3859
6690 6581
7016 7533
5113 6115
8245 2593
3300 1755
3721 4318
701 8120
7373 8108
607 4263
9187 4898
8678 376
24 2873
3813 6531
5501 5464
7240 6061
3788 7224
7363 6003
8258 723
1865 467
394 9359
5705 6784
8677 8767
6792 6556
7654 5945
655 9823
6059 6339
352 1652
5514 2734
4858 6452
2572 408
6215 6842
7313 4499
7327 1998
1754 6728
9633 4201
4720 8536
3179 4853
9013 2531
3780 1263
9355 7396
9191 4305
2247 1768
5956 3301
6380 1453
7078 5282
817 7945
2471 3478
9130 9438
6475 6245
4559 9568
3775 9952
9820 4629
7965 9352
4191 4596
1341 3614
6139 2281
5260 9839
5627 3088
349 4650
5579 681
8756 5230
3678 8969
8323 3622
7015 635
2019 6646
1184 2735
1062 900
1344 7128
886 7285
4704 2752
7007 2144
2102 6431
2094 6196
7822 7492
5405 1902
6933 827
1845 2573
3434 718
1290 2698
6369 9998
4095 3827
2131 9973
5913 5952
2286 9052
9565 2691
9958 5543
9139 3759
3249 4154
9630 4586
4556 3488
2879 5652
1040 9644
7808 3343
3814 9756
2834 2683
4785 2292
210 3558
1801 907
7517 6943
6094 9192
1051 412
2981 2295
9069 2634
9292 9368
7961 2155
4748 6293
7127 2818
2069 9207
2880 9213
5250 5759
7559 7024
9254 7356
8904 373
8023 3010
783 5913
2703 3630
2645 6231
2982 8643
1507 1654
3897 4463
1313 1478
3980 6197
4990 6561
3406 1006
1172 5566
3784 8214
5803 2516
8958 3297
9153 7175
2593 6204
9720 860
3693 8488
8624 4754
8969 1348
3186 2325
5345 3372
1344 9402
7526 613
9767 8934
1583 9472
2996 7945
4037 8743
9948 8292
6138 5503
6865 657
4440 8843
6256 4567
3933 2593
3446 8909
6105 2284
7592 259
6554 994
8282 4297
2772 5364
732 1323
2695 8247
7199 9956
4113 9302
7909 2481
6224 3105
9157 2445
9071 1362
4315 8761
2949 3056
7338 3334
4699 7811
9552 8417
9453 4020
8690 5629
9064 6934
3500 581
4565 563
7972 1194
3664 28
3965 1
8078 3796
7629 7639
6746 4225
8530 4803
2459 210
2281 9708
9064 1672
4158 3407
4746 7342
1025 7003
205 4272
2963 2771
6733 8212
3435 8172
5694 779
7394 4747
146 6599
335 900
7108 9140
331 7915
9761 5864
2625 3548
8618 494
4654 4230
7211 7809
7283 8449
2177 1658
3856 2273
6897 8993
7259 1944
4591 2314
96 6969
6559 7696
4039 3107
2576 146
8976 3684
1817 8970
8759 6009
9064 9575
6014 9264
8752 3239
3341 2983
2642 9618
4520 411
2299 5601
573 3905
8212 2638
3798 5313
5182 7288
4429 6567
3608 993
786 8925
8379 8361
1033 5846
8713 1664
5589 4034
8725 7908
3301 6286
5856 7435
1849 9578
9671 2043
2605 7880
7127 4348
2426 9689
7619 2488
3547 1557
7105 4501
2335 6904
9555 4221
6327 8968
8906 2622
949 8554
2695 9972
7884 6795
1502 8785
4422 8799
9531 2374
8155 7307
6989 5068
8408 8818
4095 3805
2607 6870
6011 6854
3278 4937
7213 328
6579 7683
4898 4197
3247 3311
5365 2480
3803 9010
7469 8785
7449 9266
8363 5825
8408 3180
8589 1446
4664 175
2514 3864
7712 8079
6586 8190
4675 3919
9267 4832
4228 5567
1943 1710
2997 5989
9676 6136
1507 3802
6292 2740
7658 4534
7103 1557
1695 6288
4043 2181
6979 5243
3670 6296
6732 3167
3526 9715
1598 5730
418 5821
1522 5315
7822 8698
2265 4691
6566 2986
5062 1368
2963 8068
236 7722
227 1763
3380 9447
6054 8587
893 7400
8261 4222
9250 7601
1605 397
4448 9903
9449 8878
3382 523
5627 130
9200 9358
6287 187
6617 9094
8194 5625
102 9312
6672 167
9589 8024
5407 5050
8411 5729
3673 4533
9337 4891
4288 2524
7105 5494
7009 4395
1244 2013
5898 3577
4141 8244
4912 6975
3625 3842
4836 2442
4568 7218
3604 4245
2082 8700
3799 2300
5484 9730
308 5888
8802 717
3080 5201
278 1798
4998 6008
5890 502
6843 3029
2703 5080
7964 6838
7547 4532
792 9974
606 6840
8658 5179
2075 9055
5311 2652
1541 9130
6082 4292
4554 349
5779 6417
8402 7241
6308 354
7303 6584
8374 6516
638 1556
944 386
421 4655
3566 6528
8995 9216
4502 2150
1501 3065
6613 9803
1898 6712
8971 5004
5448 5803
9357 4184
8417 3603
1344 7104
8882 1283
5022 4932
8926 5313
7703 2236
5111 3828
8586 2479
1806 4209
8590 4783
5297 1311
7824 7028
1601 8936
5138 3524
3186 1327
7136 7348
3530 2848
3845 425
3721 9439
1382 8129
5868 3608
9870 2395
1923 8742
1475 5912
7965 4367
1561 3264
1834 5763
6378 8195
158 8432
3695 7528
6524 6767
137 8270
3592 3757
74 2316
5365 6786
8233 2185
7930 5385
5206 966
5082 2223
3935 4634
4106 4812
1164 6413
6262 3629
4705 2377
5084 9035
8081 5519
6406 18
9480 1840
2276 4085
9447 8349
8618 1693
6845 1935
2963 9925
6602 6271
4377 3552
4290 6202
1305 2452
7325 3245
2401 4580
2234 9779
7127 2093
6908 2289
7680 3802
3104 9073
5754 2213
364 273
1021 4264
5411 4231
2946 6798
9779 8012
1862 3939
247 9822
9772 3990
1826 6605
3647 7252
8075 9360
2471 1819
8342 4365
5961 537
8944 8704
4128 7360
3856 7721
8778 6171
7141 8396
8793 2156
6526 8918
8386 2335
299 4262
3983 7242
4590 5121
8525 6072
530 5322
260 4691
4747 3751
4482 5412
1843 1596
1566 7994
544 4990
7867 4769
1384 8378
7490 7280
2336 2089
7225 3914
6701 3360
7938 726
999 192
3906 4713
2512 3931
2162 8199
9304 3225
7096 365
3754 7009
3327 1885
8807 2468
8580 625
4970 9662
894 1802
1866 8791
1749 8885
4305 7657
2513 9226
4311 2698
5139 2787
9607 4780
9278 8612
9851 4426
9247 304
3780 7188
634 740
3453 4921
3843 8777
7403 9633
9691 4162
9384 6484
7940 3292
344 4159
8049 5318
9861 3695
1343 5733
7240 6241
1209 6670
9030 2165
8924 5633
5898 3174
3735 8347
2884 6487
7819 535
6663 8300
9798 3931
2236 5832
5488 8252
6356 9852
292 5215
7119 1895
4030 2217
5204 7837
2446 6786
7150 3894
6933 3082
3199 9039
3845 1471
8686 3607
42 567
8140 9565
7110 2254
6146 2675
2439 9893
496 4270
6334 2731
5532 8377
8903 1570
2526 5973
3146 9150
633 4903
8563 3845
7867 2196
2983 4103
1585 1126
9671 8731
7078 5840
4741 9564
1474 5220
3829 6833
2480 338
3862 1300
2708 8710
5318 3609
6554 7908
1335 5179
8322 6371
690 5789
3836 6817
7126 1951
2029 1225
4714 464
2745 7368
5120 8121
9394 5867
7187 3472
543 894
6357 635
1552 9006
7870 4891
1361 6859
4659 1044
1942 3237
8296 9731
1650 4572
342 1493
8282 3155
855 3399
4512 2212
6844 8790
8233 7918
3933 4141
4674 9695
4005 7821
7783 8228
9452 9942
159 7703
9508 7130
6001 4477
7046 8861
8474 9304
169 2629
1928 7786
8207 5161
9063 8223
5237 6983
5549 2081
4529 1124
4926 7976
4941 8461
4509 4544
3931 6173
9125 4470
8679 9448
8219 443
9793 5135
1375 484
8040 4266
7471 8970
5997 4015
1806 4191
5385 2371
2782 8799
1951 8054
5313 2661
5456 3067
3932 6512
5696 3346
8747 1835
1133 8628
6140 7344
320 1039
4527 6310
8117 4729
8012 30
7126 3104
1967 1436
6683 1542
4704 8206
7373 2371
1994 9688
5735 3670
3098 4304
2347 5049
5864 258
3777 8242
8253 4529
3808 3834
2588 6512
4568 6504
1096 3493
3377 6669
7497 2751
6682 4765
7085 2183
8369 3159
9970 2072
9234 7316
4493 7950
7988 3508
7752 3827
3761 2733
8202 3058
347 9121
9923 5572
2103 4567
196 1783
7320 7306
2560 1278
5754 5894
3 2812
9950 6425
618 5773
9034 9872
4329 5890
1825 1484
8250 3246
8567 2999
7808 6154
1586 5703
3864 2544
4565 5461
1233 2982
6321 5581
4198 1417
640 1378
5100 6371
1483 7285
8690 7781
5485 1311
7806 7252
835 8864
4076 1943
9831 5179
5365 2085
6376 9865
8418 2154
9618 5496
7497 9215
8210 4237
3384 656
5443 8190
8346 8471
7620 7075
6550 774
1472 9715
9345 4426
8489 7881
9505 3064
6616 5404
8884 5573
9524 3073
4620 9144
1285 630
3524 447
4108 8933
6723 3840
4465 9659
4928 1898
5728 2878
1112 5600
2850 5846
3746 7285
6332 7433
349 8917
8388 8038
7133 9600
6724 7136
4433 8214
1059 1007
3752 8873
3588 9443
3470 6476
6518 7385
5177 1143
9910 5100
2075 4180
493 3114
5794 5336
4228 9403
4647 5566
330 817
8178 4568
7775 269
4609 9236
5202 5696
5110 3426
2141 1403
3374 8160
9774 7437
6916 9042
5536 8068
2603 2283
1808 70
6419 3340
5357 5559
1565 2313
2411 3194
8473 2166
4371 8166
1059 2101
4286 8499
3553 1664
1452 4362
4923 354
8825 7785
1885 5252
4718 8590
9902 7556
3838 4583
4386 8194
3931 5457
952 4870
4771 8549
7532 3979
1378 7873
7899 5739
5607 5735
6439 5948
2029 2521
9731 9444
4022 9999
3643 7950
9191 7766
2935 6373
6308 4189
1783 7266
8078 8907
4586 1324
6149 2837
1379 3421
9981 9708
7680 5914
1013 9576
2330 4231
6243 1010
9482 2178
2750 4371
9004 6585
1069 3096
3491 7092
6931 1557
955 4155
8534 9805
245 6889
3636 2756
5705 7822
789 4886
591 1588
373 1651
810 9451
2173 2686
1423 984
6922 7922
8515 6825
9114 6151
7663 18
3273 7270
8654 347
6780 4301
4552 990
2819 4314
5634 4272
3127 9605
5605 4812
8770 8586
2303 6890
2628 5423
874 4874
6484 3634
9204 1725
9330 2721
793 5694
7660 2901
9906 6115
948 7237
1941 3567
3442 6132
4853 5368
9319 3090
5569 3649
5917 3491
4014 8364
343 5561
8650 8810
1744 2660
2327 1782
2712 8761
6238 6505
1582 9007
2075 3688
5587 7898
8921 8990
2309 9713
1695 3699
6399 9247
2813 6919
4232 5922
232 440
2374 3538
5968 3593
7937 3547
5122 3195
5260 7315
5831 774
7981 6500
596 5297
1838 4395
1343 488
7996 4760
5675 5131
9907 6516
8331 5912
9914 2968
9076 473
7068 5357
952 6948
2339 3910
2092 9583
1933 6170
5196 2889
9977 8772
3769 3380
8221 8359
5703 2224
8980 3866
5868 1052
4821 5656
5232 6153
5754 1887
6740 6831
5560 7894
7320 8511
3734 9863
2461 7071
6351 1883
6701 2234
5903 2074
9070 2358
357 3206
8534 62
8264 7533
1589 3693
7598 7380
8695 147
3710 1231
1300 4646
3072 3039
9057 83
2490 4640
4878 6059
1580 9448
6092 6667
2996 5414
8743 7359
1437 8308
218 828
3293 8593
4891 9565
6623 8399
7689 18
9804 9498
5972 1506
779 2477
6716 8163
2716 1933
9462 4378
311 1546
9357 4200
9727 2022
4826 119
8014 8578
2581 3682
9186 2000
824 1125
6628 6743
1329 9457
5473 1878
1244 8062
7780 9574
4370 3932
504 184
2189 265
3252 6213
8850 203
5382 6904
7191 3630
2451 894
3247 3335
5335 1491
230 9991
5397 7679
9220 3797
2766 9006
5043 95
1534 534
8425 1245
279 5052
4336 5105
2574 6696
403 4112
4720 2822
3368 339
353 440
3535 7289
3355 9873
8007 4890
1331 5564
9247 4627
8846 7835
3436 3448
3881 5637
1676 5742
8330 8466
5761 5387
3823 3074
5451 387
6643 5200
4677 9255
7101 602
8049 8776
9741 7338
9551 4051
7923 3527
4259 1629
5869 3612
6633 3944
3586 8242
9250 9066
4029 6500
9776 5719
1617 6557
5906 7200
3216 4767
3518 3788
9122 7612
1806 4175
3960 5331
6230 2523
8474 3215
3926 576
6981 5463
4006 4123
216 6299
7278 8259
174 7089
4964 3664
8592 4857
7734 6251
3436 5071
2803 8638
5581 8734
2260 8926
8398 8845
1700 5556
2870 8393
7918 4577
8835 5703
7027 8467
4420 3295
1193 7786
246 2336
4281 9411
6069 9381
9546 7975
8217 6076
4564 359
6145 9275
4629 1366
7768 8767
7731 7369
1974 4041
5455 421
4784 3849
4283 3120
8435 6722
6334 8519
478 1037
5413 4144
5311 352
4802 1643
8380 6612
8650 5595
524 5207
5366 3178
7686 5236
2183 1837
5830 8910
6231 5186
188 3746
8445 5738
2879 9673
7363 8275
3911 6594
336 3518
1562 7594
3950 1737
1357 7223
1595 7011
3932 9009
8479 5142
63 9175
5000 8952
3043 9491
6353 3443
2381 3152
5678 6812
1307 1629
7964 3735
4204 1160
6355 9874
5215 1378
1016 9594
850 1739
3416 4273
5272 4063
5602 4262
2716 2839
5422 168
1844 1938
9036 1812
7386 3973
2168 7101
8548 2501
9396 2325
9629 7376
1404 571
6127 6020
242 1744
4077 3111
3042 7578
4037 4187
3719 2204
2672 8625
204 6411
8274 4596
9358 4760
4824 7166
2772 3629
8400 889
4014 638
7053 5003
2 2301
9923 6874
4433 3625
1236 5023
1771 7020
2328 3224
2468 2098
8529 6151
4983 3373
750 4093
8082 586
4319 6687
5185 170
4627 9710
6877 6569
712 3385
1981 2958
6268 2134
4945 88
1909 3940
1634 6843
4279 480
1030 4633
3102 1774
1080 586
8897 4678
4151 4278
3739 4701
200 8645
2439 5839
3700 3796
753 7998
9225 8731
8555 443
1655 967
5602 8796
5365 7950
946 4776
3198 8459
98 5070
1587 9248
3355 7081
680 8226
1742 8145
3643 6667
1550 8293
9930 3510
9035 1994
6771 266
1616 6385
3260 4476
9629 7406
7477 5702
1164 6114
6641 4958
3357 5235
106 3003
4112 1906
2738 8660
3806 6594
8691 6966
2197 7967
3974 827
2213 6637
3707 8415
2145 8843
660 170
5403 1494
2882 6496
5108 3785
7808 8070
1541 7260
5026 8476
3175 2836
6147 7081
9377 6096
4244 9420
4208 8288
1145 6442
7257 2540
6988 206
8665 6958
673 5012
3198 3238
8378 6464
201 6620
3844 6387
4942 2925
9508 8421
7472 3535
5723 7687
9216 851
7792 7145
747 7354
3878 8867
8733 4368
6317 8130
5165 3316
4137 4720
2412 3140
4126 2708
2609 696
4446 8760
8163 8034
66 2918
7242 5168
8021 5754
1149 1640
5334 6655
2470 4811
6907 149
6267 3739
9437 8823
9612 9299
242 1792
9118 3960
5376 2071
2945 1906
9106 4547
3350 4021
9990 9999
4025 831
2159 4289
8782 5712
1488 5760
7779 4412
2582 5490
3695 9462
1084 2354
5814 3520
2382 5488
6696 5501
1390 6548
7940 5969
6227 4494
4047 8586
6336 9564
1868 5221
9190 7286
51 5241
6062 4489
2957 440
453 4578
7297 3192
4864 8717
2403 1127
996 585
7025 3349
1274 1383
1647 5925
534 5438
3432 1102
4805 1321
7064 8835
2896 561
6273 1478
1010 2301
410 8926
232 2356
7895 6482
2833 2548
5757 252
9726 3742
7884 6058
323 1942
3618 6015
6977 2599
6135 3752
9388 9226
677 50
1941 3313
9749 210
1559 8391
9182 6980
17 2819
4099 7785
7692 6574
5874 2017
5325 951
4267 892
2512 1797
9986 6762
3169 7459
8209 1160
6388 5671
2904 2864
4780 9553
7350 2220
3024 9337
8391 8659
8237 1656
3524 1083
7339 6667
5529 4358
6964 3513
6474 1239
1429 6750
6715 3348
8517 8214
5213 2354
7753 7584
9390 6965
9349 5496
7706 9626
7771 146
5883 5754
1437 4070
3372 4203
9546 4717
622 3485
5493 7903
2826 3815
6245 8458
3825 9299
5618 834
7255 4823
8979 56
793 9532
4619 5755
3819 175
1754 434
2466 7927
6747 8482
7108 8131
336 5498
9542 340
8658 2613
3287 2344
4253 9527
1466 1322
6328 6387
1728 4582
6332 4435
7625 1280
9690 1327
8154 9776
4342 7312
305 947
8808 9582
3844 9737
9978 1544
1356 2674
2058 6229
7729 3500
5350 8284
3589 9652
1050 7585
8088 8465
358 5566
5687 1737
9402 4556
8054 5437
9965 7982
1842 5295
6003 2621
9285 379
1979 2582
9758 9008
4611 7574
4469 5502
2330 7332
8915 287
3966 795
6559 7383
7755 7071
6576 7026
1613 2935
1898 1960
1844 4783
1239 7160
3436 6175
3512 1291
3451 4841
2448 8731
7411 6399
2161 1158
9749 4501
5104 5840
8532 2275
4852 5768
691 3755
3934 4997
6926 7040
6919 7220
9001 8056
3776 5230
1239 2153
536 5583
5838 2275
7413 1295
6528 9437
6461 4659
1736 4507
7091 1189
8472 1082
5245 3981
3706 5337
1470 3357
3068 445
6492 6548
2133 2079
6133 4021
3449 6136
2961 9821
8402 3941
4194 1860
7086 2094
6901 182
6300 916
9247 2340
8731 9031
6470 9333
7968 7116
5791 2768
5883 3481
7465 8380
4220 1707
4467 9355
2718 6500
690 9393
2054 5878
4592 141
6135 4858
5915 3437
5710 2300
178 1400
6415 2592
5178 84
7088 7728
2905 4087
4288 3554
9658 4688
2316 9856
4659 8294
7257 4343
6332 4512
1693 4106
1016 2199
3296 6966
5208 6298
9961 5366
5357 9432
9847 7910
3512 4251
7440 9338
1193 913
8883 6619
9562 8957
1375 7880
2588 1516
516 739
8055 965
8728 4285
7763 914
1066 5850
6842 3096
382 4383
6708 5567
5476 8895
2547 1469
925 1864
3360 6482
8897 9577
3173 7813
3096 6702
3579 418
3962 6276
277 6043
8351 8147
7981 4149
7236 65
1736 5691
9587 7886
4524 4847
6419 4992
2559 3778
3213 7809
4849 3205
9963 5871
2510 4010
6189 5613
1052 6684
4623 6126
5212 9825
5986 3932
2673 6218
5007 8269
8165 4882
5693 4534
4916 6002
5563 2324
6162 8458
355 4501
7985 8175
4391 1640
8899 7614
3316 4312
8159 7471
5636 6609
4405 3602
3927 2077
7121 3894
8532 1372
4314 2473
3748 872
6038 2487
7306 9918
2197 3641
9911 9577
417 2072
6655 79
8588 4526
8475 258
5480 3807
6367 8928
9689 4454
6127 5402
6327 3577
2969 3437
1853 9207
107 4656
2015 566
4687 7670
6868 235
1587 9510
5955 1470
8730 4857
8718 6247
1765 273
8165 6261
5360 6692
9070 607
9731 2167
3373 8308
5898 9695
9692 1221
1278 10
1184 9172
8716 815
2607 4139
9457 4759
7477 6824
5706 9901
9116 1618
3598 3535
874 4091
3360 4654
4798 812
455 165
1507 7029
9967 5723
3827 8504
4991 4691
1112 4570
904 4676
7136 9810
8739 7543
9037 6107
7949 7988
392 4633
5118 4566
3945 6013
9532 3848
1295 8292
48 3672
5244 9331
7026 2214
31 8413
7680 8069
8354 5949
1476 6086
6605 423
5437 9638
3554 4935
9131 3220
3897 1638
9735 1906
9242 6832
9863 6738
6204 5077
2495 1037
4067 1459
4764 8052
9285 4808
4803 2334
726 1462
8439 5590
5616 6347
9060 7972
1869 514
9013 8070
2294 7531
7214 3004
4907 6184
2729 4036
9695 4259
1820 370
4484 848
583 4743
6323 1059
703 1400
9009 6985
721 2849
9838 9835
8936 7291
7866 7080
3360 9368
4378 4029
1458 8364
7621 1809
9097 4371
5211 7089
1910 7710
4926 9719
6246 7318
3965 3894
8851 6238
9811 2206
4066 3123
7601 4328
2918 9761
2099 7796
2783 9596
3096 220
6773 2976
1512 8136
2370 2275
209 7841
5722 3519
6924 5591
4760 6679
2742 6035
2067 96
1738 2411
9388 4846
4180 9639
8876 878
3160 8665
6641 2678
6817 6087
7170 5578
5389 5680
9978 1524
7333 6113
8288 9626
3021 7322
2356 8320
468 8416
6411 82
2958 1608
7259 4420
115 7455
5388 9586
2653 4142
2036 1019
7924 1226
2975 2619
6128 2273
4495 2197
1458 757
269 6098
6254 5890
3036 4705
7858 9732
3310 1835
56 1225
1939 3607
4576 6354
2386 914
5605 9626
9195 3774
7310 4360
1148 8297
1541 6619
3753 1776
3892 1751
3944 8298
6632 1479
5571 3056
6166 259
2912 8373
1122 8401
7298 3581
7133 1231
4318 2461
6884 6373
1687 1781
9355 3035
3458 7690
1624 7971
4180 8056
807 9837
7673 1717
2638 1646
2542 1749
3541 6364
1073 4719
5440 2556
8343 8503
7305 3070
3445 2756
5091 7619
30 2529
8039 6290
6926 1319
2633 470
9109 4738
9533 2246
5090 4054
7353 9659
2959 9010
1427 4120
7436 8121
5836 3929
3367 5562
7489 8845
4166 2289
4844 9674
1509 7313
8546 2821
7114 5365
5431 7603
943 5810
7899 3170
6136 9459
1182 6925
458 4623
1836 3294
8175 9586
5589 9698
1404 2587
3563 3321
6300 4121
1703 968
9174 939
7286 8676
3375 7439
8073 3690
8525 3559
749 1763
6384 3387
6294 3950
5079 1225
9783 5004
6249 458
6447 1697
8112 6717
6428 538
8992 8446
9403 1329
1876 7729
7830 7406
6271 6392
4494 7561
7500 3094
8201 8026
3966 3158
3362 5813
3717 5308
9203 800
4825 7445
8112 3073
3965 3366
2506 8388
7831 5746
8278 7721
7817 3489
8301 3987
2210 8291
2412 8438
7221 7785
2780 1502
7688 3841
9737 5340
7599 5342
230 3720
5583 6188
6343 8227
8829 3869
212 4747
6192 5916
4470 3742
7407 5439
8165 8801
3402 4172
3772 3115
3999 8966
9979 6367
7120 9426
7223 296
5523 1571
3327 645
2735 540
7199 4311
5063 3947
5556 2634
384 2484
2442 5069
5418 958
5758 996
6150 5366
7307 8726
9104 8123
6041 1285
4850 6966
204 2144
5947 5410
8142 8918
1548 8048
4022 99
7691 3492
3130 3139
3104 2609
5855 3453
6369 2989
5090 8349
7168 9880
1132 5680
8004 909
3893 5186
446 2278
1310 4746
3096 5656
4821 1128
1623 8796
6153 1215
7010 9771
3308 9056
1458 6240
7040 1932
3775 3404
6279 1830
3632 3846
6789 6743
3333 1503
8590 1443
6468 2952
8126 4260
139 6206
6764 9102
9490 7998
5297 8398
7770 122
9336 1512
3683 1221
3814 8294
5254 2525
8424 7254
8095 3493
7529 9158
9945 9472
9911 5521
7528 9190
7351 6146
8475 5304
8636 7835
4008 7376
8323 5445
8848 7401
9119 8019
9156 6718
3540 8871
1929 3570
5625 442
5234 4816
8153 2052
539 3269
8629 2717
321 6316
6546 7022
8623 2564
4766 3781
2859 53
6273 4565
7253 7828
4362 1390
3145 4523
9502 5735
995 2329
6849 2052
1597 1800
7036 3855
403 535
9053 4432
6137 4752
5977 9545
9666 6169
2583 681
5974 4412
4990 3087
8435 336
5937 5200
8647 4676
927 1640
9190 9500
9147 1949
5209 3013
1818 2067
9176 615
3518 286
1284 671
6254 1466
1097 4453
8431 4342
3253 4950
6343 235
5413 1844
1689 311
1853 1861
9354 8228
1892 87
4882 1820
7476 1432
9791 6933
4988 6265
5810 385
1962 9524
7504 3349
8294 7348
9496 5345
8243 8188
3630 8088
5942 2874
6331 4701
921 9554
3993 7176
4218 6116
411 9165
1616 9189
9291 6951
4623 2096
3380 7110
6099 2453
3220 6990
3493 5056
5518 8688
2502 6489
3369 5454
6340 7987
522 5237
2326 8316
2698 6462
8282 7721
980 3474
3796 1000
545 5964
2058 3454
1592 9014
2191 806
8546 1234
9262 4071
2934 9116
7219 6290
1858 202
7069 85
2249 5677
3045 9016
2329 9382
9810 83
4076 7211
7336 5186
6352 5536
7760 8232
8852 9180
1064 2682
8280 7447
9743 4439
8712 4507
2808 4891
7493 1767
4307 8665
9061 1253
7252 5900
7340 4415
766 9420
7658 4215
588 3655
778 9019
9550 6972
1530 263
5973 8249
7913 3190
5270 7856
413 9161
9486 2206
1457 7821
6153 8152
6023 7839
1247 8990
6824 2684
7689 794
5212 6980
7324 9278
7837 3667
9376 5641
8969 5042
6648 1931
9436 4311
1998 4692
5324 3338
9102 1797
9438 7022
4406 8000
9665 8141
1501 3093
1260 3437
7091 3120
2224 8656
8445 9651
6812 1478
9326 3521
8319 8612
3975 6942
3177 2826
5691 9382
803 3835
6356 187
7437 453
7875 2950
8724 6121
8904 1946
1898 3355
6924 4469
3687 8669
4529 3023
5337 2779
5959 7268
844 2395
3004 1488
971 5382
711 1617
4168 5712
869 6995
3014 1439
1833 4290
4532 833
9691 6393
1561 1758
9964 3597
2203 29
6258 61
133 2688
5625 3098
8807 1820
8769 4408
155 4112
4631 1417
6610 4041
9192 9202
4157 3351
4270 8886
8534 9914
1162 4050
8731 3390
4723 3912
1431 8728
1174 3293
3308 6692
6835 8024
3512 3732
9830 2432
1769 2531
3519 2453
2788 7419
5200 9312
8431 381
4855 1713
7814 9060
2072 7406
9111 2713
1590 8341
3790 131
3594 8780
1523 4474
7445 2990
5029 222
9286 7288
3894 1755
5100 4190
176 2845
785 9636
9558 9586
9362 3784
9448 4846
5890 966
6845 5111
8317 9323
2208 188
7521 4490
1191 2304
7988 3246
6513 2568
4583 6278
4492 8181
4324 6164
6525 2896
4651 9613
7458 8161
3388 8231
5159 9637
3233 1713
2674 7270
4400 3691
334 8710
6961 661
4626 6242
4070 9139
3007 4116
5850 3379
9191 9789
1550 7761
8770 7310
6771 5171
3953 3263
2529 4638
4361 9772
9350 3979
3093 9564
3258 8139
4942 2915
9615 8063
4089 4367
169 134
1716 8621
1383 3918
2229 8242
332 1320
362 3249
6152 2679
715 8056
8719 5398
1535 7120
672 1664
9365 1237
5997 3021
4339 4821
2689 2083
1427 6288
9356 4339
9949 9162
5842 8012
9841 8453
6800 4934
6929 5583
1026 8523
3405 5564
1928 8202
5012 113
3641 1477
4784 4523
6452 8600
9029 4629
4446 981
8027 904
190 4157
1658 9569
4597 236
7715 7823
7196 3723
9296 4739
2778 2579
7283 1753
103 8957
4984 7932
2779 3095
931 7588
3611 8917
3025 3783
9219 5471
6455 3541
7607 8123
8728 6396
6767 1589
4353 6098
3989 6800
8105 4187
376 1066
8331 7742
1486 8348
2081 8008
722 6215
1120 5994
7851 4331
8732 3416
3963 8788
2507 4380
5639 3597
5591 4824
5560 4760
1107 949
5574 938
2350 8018
3708 6454
1385 1676
8582 1851
1077 8063
2345 3866
5898 6131
7216 338
7123 7137
9428 2164
1564 2360
4294 2141
8412 5304
197 7433
4527 7278
7631 8157
2236 8928
4099 3656
2785 6296
6118 7666
9693 1419
3396 7102
3713 6210
7995 5923
4962 8128
3577 5095
4285 9640
8338 7162
9443 3620
1284 8125
5982 9013
2631 9011
3481 278
7514 5150
3186 7856
6981 8036
2826 890
7672 3925
3473 1760
3808 3317
2700 5604
5857 5018
281 9703
4743 8601
4882 6432
9438 5179
9341 4613
3153 4301
1468 3327
2737 5989
9334 9958
3034 6143
9809 4147
4344 5264
1751 2032
6070 5177
1872 2059
7753 2771
7068 725
3408 7605
8847 9822
6357 7055
3652 6468
8711 7813
9473 6431
4209 6830
644 53
849 2754
8658 5810
9375 4049
9319 5850
8759 5921
8540 6384
9488 8589
4049 7121
8945 6880
5111 8669
8689 1449
1723 7706
9909 4076
5142 5761
5047 7782
5889 6264
6350 6341
8687 9455
2568 3614
769 8103
9589 2675
6999 5120
8563 2260
1334 462
9254 1679
7833 5279
3178 5286
8295 998
9901 3563
6037 4447
6334 2662
2881 309
2119 9936
1406 4633
2023 3473
7782 4489
4954 1424
254 4993
1508 3187
8884 146
8486 6829
7450 7098
3788 4127
8159 3651
5123 5160
9562 126
4307 3103
6309 99
148 7752
9228 2424
3781 2623
4617 3050
1080 7855
3081 126
7149 9254
145 5682
2954 4387
7493 2715
31 4656
3578 2463
9799 4080
1941 8185
2660 4959
2482 1906
208 6964
9938 8995
8115 3194
2600 8913
3372 701
7620 8602
2044 2627
3314 5615
2420 4985
4357 6372
9802 8340
6630 1447
9596 8598
2253 1572
1859 8868
8079 700
1530 4651
9089 36
9982 5322
3533 5613
2355 9695
9292 9544
3288 8725
4640 9057
7918 6251
4054 3648
9200 3809
429 1136
1095 2369
5840 153
6097 2521
2398 5829
1980 2548
6628 8429
8900 1072
1329 8567
